6371
-0.66 18.37
2.99 5.00
2.65 5.12
-1.72 27.31
4.33 6.76
1.94 6.13
-1.02 21.17
0.05 13.73
-1.77 27.78
1.06 8.76
2.25 5.56
-2.26 32.66
3.55 5.30
-2.85 39.19
-0.56 17.69
3.69 5.47
-4.20 56.83
-1.67 26.77
-0.54 17.53
-3.57 48.17
0.29 12.32
0.72 10.18
-4.43 60.25
4.29 6.65
1.55 7.09
0.40 11.75
0.04 13.76
2.95 5.00
-3.38 45.75
-0.64 18.27
1.91 6.20
-0.65 18.34
-2.96 40.51
1.57 7.04
-2.30 33.05
-1.52 25.42
2.15 5.72
-0.58 17.80
3.87 5.75
-3.95 53.30
-2.13 31.29
1.20 8.24
-3.19 43.37
-2.72 37.77
1.25 8.07
-2.34 33.47
3.41 5.17
1.50 7.24
0.75 10.05
-0.69 18.61
0.33 12.12
2.99 5.00
-3.69 49.78
-3.70 49.93
-4.77 65.43
0.51 11.22
1.09 8.64
-0.19 15.19
-3.22 43.75
2.29 5.50
-0.83 19.67
-2.94 40.25
3.36 5.13
-1.55 25.68
-0.79 19.34
2.14 5.75
2.05 5.91
-0.37 16.36
4.75 8.05
1.30 7.89
0.57 10.92
-0.36 16.27
-4.39 59.62
4.67 7.78
-4.94 68.09
-0.29 15.83
3.69 5.47
-4.38 59.49
-4.62 63.05
3.62 5.39
-1.67 26.82
-4.34 58.84
-1.92 29.16
-3.45 46.63
3.34 5.11
-4.78 65.48
4.21 6.48
4.81 8.28
-2.06 30.61
0.12 13.29
-4.41 59.95
0.57 10.91
-1.28 23.35
-0.51 17.30
-1.60 26.14
3.06 5.00
-1.89 28.95
3.33 5.11
-2.43 34.51
-2.31 33.18
-2.17 31.77
-3.16 42.91
-1.45 24.79
-4.63 63.24
2.29 5.50
4.46 7.13
-3.86 52.03
-3.14 42.71
-2.01 30.09
-1.52 25.46
1.11 8.58
1.49 7.29
-0.42 16.72
-4.02 54.31
-3.57 48.14
4.95 8.78
2.53 5.22
3.08 5.01
4.49 7.22
-1.52 25.44
-4.90 67.39
-2.75 38.01
-4.58 62.40
0.49 11.32
-0.51 17.35
-2.98 40.74
4.70 7.89
2.09 5.82
3.17 5.03
3.15 5.02
4.92 8.68
0.19 12.91
-3.29 44.53
-2.84 39.08
2.77 5.05
-4.97 68.48
3.47 5.22
0.91 9.36
-2.79 38.49
4.64 7.70
0.02 13.89
-4.21 56.99
-1.04 21.30
4.86 8.45
3.51 5.26
1.19 8.27
4.64 7.68
2.22 5.61
3.68 5.46
-0.19 15.20
1.06 8.76
-3.29 44.60
2.61 5.15
1.52 7.19
-3.41 46.04
2.55 5.20
-4.95 68.12
-1.30 23.50
-3.33 45.02
-1.44 24.75
-4.30 58.27
3.06 5.00
0.21 12.80
3.58 5.34
-2.45 34.73
-1.61 26.29
1.91 6.19
-0.85 19.79
-2.82 38.93
3.93 5.86
3.25 5.06
-1.40 24.37
-1.29 23.41
0.49 11.29
1.32 7.84
1.41 7.54
-1.99 29.87
4.94 8.78
0.45 11.48
2.24 5.58
2.71 5.09
-0.87 19.94
-3.52 47.55
-3.68 49.56
1.56 7.06
-3.90 52.60
-3.17 43.04
-3.16 42.96
-1.06 21.52
-0.20 15.27
3.12 5.01
-4.69 64.06
-3.97 53.55
4.59 7.54
4.19 6.41
3.17 5.03
1.01 8.96
-2.67 37.15
-0.87 19.95
0.92 9.32
4.18 6.40
-2.28 32.89
-0.61 18.06
1.90 6.22
2.92 5.01
2.70 5.09
-1.59 26.03
-1.21 22.73
3.26 5.07
-3.55 47.92
-4.44 60.40
4.82 8.33
1.61 6.93
0.51 11.21
-2.16 31.66
-4.01 54.10
0.63 10.62
-1.96 29.56
-0.14 14.83
-2.75 38.10
-2.32 33.33
1.85 6.31
-2.67 37.19
3.46 5.21
3.16 5.02
-1.52 25.40
3.95 5.90
-4.53 61.68
-1.46 24.86
-0.33 16.07
-4.65 63.48
2.65 5.12
0.83 9.73
-1.96 29.59
-4.30 58.23
-4.14 55.91
0.80 9.86
-3.97 53.60
4.76 8.10
-0.77 19.20
-2.39 34.01
-4.15 56.12
3.49 5.24
4.42 7.02
0.96 9.18
3.51 5.26
-3.71 50.00
-1.09 21.71
-4.89 67.26
1.75 6.56
-3.53 47.65
-1.72 27.28
-3.54 47.83
-4.76 65.20
-0.27 15.72
3.11 5.01
-3.10 42.17
-3.75 50.53
-2.90 39.78
3.14 5.02
1.07 8.72
0.63 10.64
4.96 8.85
4.72 7.96
4.26 6.58
1.93 6.14
4.57 7.46
3.00 5.00
1.57 7.04
-3.65 49.16
-2.02 30.17
-3.40 45.93
-3.96 53.48
2.09 5.84
0.11 13.34
1.23 8.15
4.83 8.35
4.78 8.16
-0.95 20.64
-1.97 29.71
-1.54 25.63
4.95 8.81
-1.96 29.56
4.31 6.71
-2.83 38.94
4.19 6.41
3.00 5.00
-3.22 43.67
2.60 5.16
4.34 6.79
-1.53 25.50
2.32 5.46
0.22 12.72
-1.89 28.87
4.10 6.20
-2.93 40.17
0.24 12.63
-0.06 14.34
0.43 11.61
2.48 5.27
-0.04 14.24
3.15 5.02
0.22 12.72
-4.01 54.09
1.00 8.99
3.24 5.06
-3.49 47.08
4.83 8.34
-1.67 26.83
-2.56 35.96
3.85 5.73
3.74 5.54
-3.68 49.64
-2.79 38.55
2.67 5.11
1.34 7.76
-0.94 20.54
4.35 6.82
-0.30 15.86
-4.83 66.25
-1.79 27.93
0.70 10.29
-0.71 18.78
2.58 5.18
2.04 5.91
-1.55 25.74
1.38 7.61
3.11 5.01
3.43 5.18
0.89 9.47
2.14 5.74
-1.79 27.93
2.98 5.00
3.26 5.07
2.00 6.00
-4.19 56.71
-4.11 55.48
-0.57 17.72
4.48 7.18
0.36 11.99
-2.49 35.11
3.02 5.00
-3.97 53.55
4.08 6.18
3.05 5.00
0.88 9.49
3.69 5.47
1.28 7.96
1.75 6.56
2.84 5.02
2.42 5.34
-4.47 60.82
4.02 6.05
3.93 5.87
-1.13 22.08
-0.72 18.82
3.23 5.05
4.48 7.20
1.20 8.24
-3.81 51.36
0.15 13.11
-0.95 20.60
-2.22 32.26
-0.70 18.69
-0.71 18.80
-2.78 38.46
-1.40 24.38
2.33 5.44
0.93 9.29
-1.86 28.67
4.41 6.98
-2.87 39.51
1.89 6.23
-4.11 55.49
-2.05 30.49
-2.52 35.47
0.78 9.91
4.63 7.67
0.72 10.18
-1.29 23.43
0.90 9.40
0.80 9.82
-3.64 49.10
2.45 5.30
4.78 8.18
4.87 8.50
-1.19 22.53
-1.53 25.52
-0.15 14.93
-3.67 49.54
-0.58 17.84
-1.42 24.51
3.71 5.50
3.96 5.92
1.94 6.12
3.10 5.01
1.06 8.78
-1.98 29.80
-1.06 21.50
-3.18 43.16
1.55 7.11
2.07 5.87
-4.23 57.21
-0.23 15.45
-0.62 18.13
0.18 12.96
1.04 8.83
-2.10 31.06
0.91 9.35
-0.59 17.92
3.31 5.10
0.14 13.19
-3.72 50.19
-1.57 25.86
4.49 7.23
1.24 8.11
4.36 6.84
0.71 10.24
-0.30 15.89
4.28 6.63
-1.47 24.95
4.47 7.17
1.65 6.82
2.89 5.01
2.12 5.78
2.60 5.16
-4.42 60.00
0.74 10.09
-1.71 27.15
2.46 5.30
-3.04 41.53
-4.92 67.80
-0.66 18.41
-0.44 16.87
0.05 13.68
1.89 6.24
3.78 5.60
-0.83 19.64
0.30 12.27
2.57 5.18
-1.83 28.30
-3.09 42.12
-3.10 42.23
-4.21 56.94
2.34 5.43
2.54 5.21
-4.81 66.00
3.71 5.50
2.90 5.01
1.61 6.93
0.26 12.51
-1.19 22.53
0.24 12.61
-4.50 61.18
4.02 6.05
-3.96 53.38
-1.55 25.73
4.15 6.32
-1.68 26.94
-4.89 67.27
-4.30 58.29
4.88 8.54
-4.52 61.56
-0.48 17.12
-4.57 62.24
-2.63 36.65
-3.84 51.77
2.19 5.65
4.74 8.04
-2.72 37.68
1.29 7.92
2.23 5.59
-2.86 39.31
0.60 10.75
1.46 7.37
3.87 5.75
1.37 7.66
-3.39 45.82
2.33 5.45
-3.45 46.66
-3.50 47.21
-0.19 15.16
-0.93 20.41
4.55 7.40
-3.55 47.94
0.25 12.54
-3.60 48.50
-4.28 57.93
3.56 5.31
-2.77 38.31
3.23 5.05
1.39 7.60
2.01 5.98
3.53 5.28
2.60 5.16
3.78 5.62
-3.57 48.18
-3.87 52.24
-1.61 26.22
3.15 5.02
0.26 12.52
4.44 7.07
-0.37 16.37
3.76 5.58
1.29 7.91
-0.81 19.48
2.53 5.22
-2.70 37.53
-0.98 20.88
3.32 5.11
-2.05 30.54
2.10 5.80
-0.64 18.23
1.25 8.08
-1.23 22.88
-0.77 19.25
-2.12 31.23
4.48 7.20
-1.83 28.28
-0.66 18.39
1.41 7.54
-0.38 16.41
4.19 6.42
0.08 13.53
1.83 6.36
-0.70 18.67
0.57 10.90
-0.21 15.28
2.78 5.05
-1.90 29.01
-3.13 42.54
2.11 5.79
1.60 6.97
3.02 5.00
3.01 5.00
-4.55 61.96
4.51 7.29
2.61 5.15
4.79 8.20
3.02 5.00
2.44 5.32
-0.37 16.35
-2.67 37.10
1.76 6.54
-1.57 25.90
-0.36 16.28
2.70 5.09
3.23 5.05
-4.27 57.86
2.05 5.91
-3.53 47.68
-4.53 61.64
-3.17 43.12
0.53 11.11
-4.31 58.40
2.51 5.24
0.02 13.90
-2.92 40.04
-2.85 39.27
-2.67 37.13
-0.28 15.76
-2.38 33.91
0.48 11.35
4.98 8.90
0.80 9.84
-2.71 37.62
-4.30 58.34
4.67 7.79
-4.85 66.65
0.51 11.22
-1.91 29.07
3.76 5.58
0.87 9.54
4.29 6.66
-3.31 44.76
1.73 6.62
0.57 10.93
3.14 5.02
4.13 6.28
-0.51 17.30
-4.62 63.04
0.59 10.83
-3.08 41.94
-2.16 31.67
-4.19 56.75
-4.72 64.58
-4.87 66.90
-1.14 22.12
-1.53 25.51
-0.49 17.17
-0.51 17.30
-3.87 52.17
0.66 10.47
3.93 5.87
2.29 5.50
2.31 5.47
0.65 10.52
-4.70 64.36
-4.48 60.88
-1.92 29.21
2.53 5.22
3.21 5.05
-3.91 52.79
2.28 5.52
-1.26 23.12
-2.09 30.93
3.25 5.06
1.41 7.54
2.21 5.62
3.42 5.17
-2.06 30.59
-4.11 55.51
2.63 5.14
-0.32 16.03
-3.06 41.67
1.72 6.63
-1.72 27.29
2.60 5.16
-2.36 33.69
-1.33 23.76
-4.47 60.80
3.31 5.10
0.55 10.99
0.45 11.48
3.11 5.01
-3.47 46.88
-2.46 34.79
-1.98 29.78
-2.87 39.45
3.32 5.10
3.40 5.16
4.35 6.82
-3.99 53.86
-4.74 64.89
-2.77 38.32
-1.86 28.60
1.26 8.04
-4.49 61.05
-2.12 31.23
4.19 6.42
1.54 7.14
-2.73 37.84
4.81 8.27
0.13 13.23
2.39 5.37
1.53 7.15
1.45 7.41
2.97 5.00
3.40 5.16
4.33 6.76
3.41 5.17
3.85 5.73
-2.21 32.16
-1.93 29.33
-2.08 30.81
-3.83 51.69
-2.94 40.30
3.05 5.00
4.02 6.04
0.46 11.45
4.41 6.98
2.79 5.04
-4.68 64.05
-0.65 18.33
-3.51 47.35
1.35 7.71
-1.63 26.41
-2.99 40.91
2.49 5.26
1.58 7.01
0.24 12.64
0.81 9.79
3.10 5.01
0.75 10.06
-2.10 31.05
-2.87 39.41
-0.05 14.31
4.15 6.31
1.11 8.56
-0.59 17.86
-2.67 37.18
-2.36 33.70
-2.53 35.56
4.24 6.53
4.45 7.11
-2.47 34.88
-4.78 65.55
0.32 12.17
-4.07 55.02
-0.40 16.53
-4.95 68.13
-3.90 52.67
2.29 5.50
-0.31 15.94
-3.18 43.14
3.86 5.74
0.47 11.40
4.85 8.42
0.83 9.69
2.37 5.40
-4.02 54.32
-2.41 34.25
-3.62 48.77
-4.83 66.37
-4.98 68.70
-4.23 57.34
2.04 5.92
-1.05 21.44
4.64 7.70
-3.01 41.13
3.13 5.02
4.83 8.36
3.52 5.27
-0.17 15.07
2.05 5.90
-4.44 60.34
4.18 6.39
3.43 5.19
-4.02 54.27
3.24 5.06
-0.06 14.39
3.68 5.46
4.92 8.69
-4.35 59.09
-3.77 50.89
-3.48 46.94
0.07 13.58
3.78 5.61
-3.44 46.53
-1.25 23.07
-1.06 21.46
-0.16 15.00
-2.16 31.61
2.08 5.85
-1.08 21.65
2.64 5.13
-1.40 24.37
-0.81 19.49
-4.55 62.06
-2.88 39.61
-3.89 52.42
-0.82 19.62
4.48 7.18
-4.59 62.56
-4.49 61.12
-4.52 61.57
1.37 7.67
-0.00 14.02
4.43 7.06
1.74 6.58
0.02 13.86
3.09 5.01
2.03 5.94
-0.55 17.60
-3.20 43.50
2.72 5.08
-0.28 15.73
-3.31 44.85
3.28 5.08
2.82 5.03
4.51 7.29
-0.81 19.51
1.12 8.53
3.90 5.82
2.35 5.42
3.18 5.03
-0.40 16.57
0.96 9.16
0.52 11.14
4.49 7.23
3.87 5.76
-2.40 34.15
3.01 5.00
0.14 13.19
-2.38 33.92
-1.30 23.46
2.17 5.68
-3.74 50.36
-1.07 21.60
-0.83 19.67
3.32 5.10
1.52 7.19
2.32 5.46
2.97 5.00
-3.72 50.10
-4.32 58.57
3.19 5.04
4.96 8.84
-0.63 18.15
1.43 7.46
2.76 5.06
-2.27 32.74
-3.21 43.51
1.43 7.48
3.44 5.19
-2.79 38.54
0.04 13.79
3.68 5.46
4.46 7.15
3.49 5.24
-2.51 35.33
-4.18 56.61
-2.68 37.21
-1.86 28.57
4.23 6.50
2.79 5.04
-1.17 22.38
-4.93 67.92
-4.46 60.61
3.15 5.02
-2.63 36.68
-0.32 16.03
3.94 5.89
-3.83 51.60
4.40 6.96
0.48 11.35
-1.18 22.47
-3.94 53.10
-1.09 21.76
-2.31 33.22
2.29 5.50
-0.73 18.91
-2.60 36.31
-4.02 54.24
2.57 5.18
-1.69 27.01
-4.32 58.64
2.31 5.48
-1.72 27.32
-1.44 24.73
1.48 7.32
-4.92 67.71
3.39 5.15
4.61 7.60
-0.76 19.14
-1.82 28.23
2.59 5.17
-0.77 19.18
-1.12 21.97
1.64 6.85
1.07 8.74
1.12 8.54
0.78 9.94
1.10 8.59
1.24 8.11
-2.73 37.78
-1.82 28.23
-0.19 15.18
1.20 8.24
2.09 5.83
-3.56 48.01
0.05 13.71
-3.90 52.58
-2.09 30.94
-4.31 58.42
-4.02 54.27
4.26 6.60
1.28 7.94
-0.10 14.61
-4.06 54.81
4.40 6.97
-4.94 68.01
0.63 10.62
0.41 11.71
-1.05 21.44
-1.25 23.04
-1.82 28.25
1.22 8.17
1.13 8.49
-1.12 21.95
-3.67 49.51
-1.23 22.85
0.40 11.77
-3.55 47.92
-0.54 17.53
-3.46 46.76
1.32 7.81
0.86 9.58
2.39 5.37
-3.68 49.64
-3.65 49.28
-1.59 26.06
3.96 5.92
3.65 5.42
1.39 7.59
-1.34 23.85
-4.81 65.97
-0.23 15.41
-3.41 46.13
3.88 5.77
1.52 7.20
-4.20 56.79
1.29 7.92
-4.78 65.57
-3.40 46.01
4.79 8.19
3.87 5.76
4.13 6.28
2.02 5.97
-0.26 15.60
1.75 6.56
-0.82 19.62
3.26 5.07
-0.98 20.87
-3.31 44.88
-3.59 48.43
-2.69 37.40
-4.41 59.92
3.35 5.12
-3.78 51.00
1.42 7.49
3.61 5.37
-3.06 41.74
0.69 10.34
-4.28 57.93
3.69 5.47
-3.30 44.70
3.38 5.14
4.57 7.46
-1.74 27.48
-1.93 29.35
-2.33 33.42
2.84 5.02
-0.20 15.23
-4.54 61.91
0.90 9.40
3.84 5.70
-2.49 35.18
1.54 7.12
-1.22 22.83
4.63 7.66
2.60 5.16
-3.52 47.46
-1.26 23.13
3.54 5.29
-1.46 24.90
2.35 5.42
1.52 7.19
1.58 7.01
-0.09 14.55
3.85 5.73
-2.80 38.61
-3.29 44.53
3.12 5.01
-3.66 49.38
-4.02 54.34
-4.98 68.63
2.63 5.14
-4.03 54.35
3.88 5.77
-1.92 29.23
-1.12 21.98
-4.92 67.68
0.79 9.86
-0.83 19.69
-2.17 31.69
-2.36 33.68
1.39 7.59
4.23 6.52
-2.34 33.49
-3.85 51.86
-0.53 17.43
-4.91 67.60
4.90 8.60
1.19 8.26
3.06 5.00
3.56 5.31
1.11 8.57
-0.64 18.22
0.27 12.43
-4.76 65.26
1.21 8.20
3.57 5.32
-3.98 53.72
0.63 10.63
-3.81 51.43
1.98 6.04
-4.44 60.34
-0.38 16.39
-3.67 49.52
-1.44 24.75
3.85 5.73
2.57 5.19
-4.16 56.30
-1.59 26.11
-1.08 21.62
-2.69 37.36
-3.95 53.28
-4.06 54.88
3.40 5.16
-2.78 38.38
2.49 5.27
2.36 5.41
0.86 9.58
-0.66 18.39
0.38 11.85
1.80 6.43
2.66 5.12
-4.50 61.19
4.54 7.37
2.05 5.91
-3.61 48.75
1.74 6.60
1.78 6.50
-3.19 43.28
-0.47 17.02
2.82 5.03
-1.36 24.03
1.29 7.93
0.34 12.09
-0.29 15.83
2.65 5.12
1.63 6.87
3.32 5.10
-3.01 41.15
2.79 5.04
2.22 5.61
-1.26 23.12
-3.29 44.63
3.63 5.39
1.34 7.75
3.63 5.40
2.41 5.35
-1.83 28.32
-2.54 35.66
-2.95 40.42
4.41 6.98
-3.65 49.19
3.02 5.00
3.75 5.57
3.09 5.01
-0.36 16.27
2.34 5.44
-1.48 25.07
2.36 5.41
-2.52 35.43
3.31 5.10
-1.94 29.41
-0.85 19.85
-2.13 31.31
0.09 13.50
-1.34 23.81
-1.69 26.99
2.67 5.11
-4.77 65.38
-4.48 61.02
4.38 6.92
-1.92 29.21
-4.34 58.89
3.95 5.91
2.94 5.00
2.03 5.95
-4.11 55.55
3.85 5.71
4.71 7.94
3.21 5.04
-3.97 53.56
-4.27 57.84
-4.93 67.88
1.04 8.86
-0.46 16.95
1.46 7.38
-0.18 15.11
1.69 6.72
-2.42 34.42
2.53 5.22
-3.97 53.63
3.32 5.10
2.55 5.20
-3.33 45.06
2.98 5.00
2.43 5.32
3.50 5.25
-3.28 44.43
4.25 6.57
4.25 6.56
-0.34 16.17
-3.67 49.47
-3.59 48.45
2.39 5.37
-3.15 42.82
3.75 5.56
3.84 5.70
-3.24 43.88
3.23 5.05
-1.62 26.36
1.97 6.06
4.22 6.50
-2.90 39.84
4.80 8.23
3.06 5.00
3.49 5.24
-0.20 15.26
-4.57 62.24
-0.26 15.64
4.35 6.83
0.80 9.84
-3.81 51.35
1.61 6.94
1.41 7.53
0.62 10.68
-1.01 21.09
-0.84 19.77
4.09 6.18
-0.63 18.16
1.38 7.62
-2.40 34.19
-1.78 27.82
-4.50 61.19
-3.75 50.62
0.31 12.24
-1.00 20.97
-0.57 17.72
3.80 5.64
-1.98 29.81
1.69 6.72
1.72 6.64
4.21 6.47
-4.92 67.67
4.28 6.64
3.79 5.63
1.44 7.43
-1.26 23.11
-4.02 54.22
2.14 5.73
-1.92 29.22
0.68 10.38
-3.81 51.37
3.52 5.27
-3.55 47.92
2.73 5.07
1.51 7.23
-0.46 16.96
3.49 5.24
0.30 12.28
2.43 5.33
4.16 6.35
-4.43 60.28
-2.43 34.50
-2.97 40.59
-3.91 52.72
4.74 8.02
-1.56 25.75
-3.52 47.56
1.60 6.96
-0.25 15.57
-4.04 54.57
-4.27 57.84
0.03 13.81
3.51 5.26
0.63 10.60
3.74 5.55
-4.49 61.14
3.77 5.60
-4.68 63.93
-1.09 21.70
3.61 5.38
-4.81 66.06
0.02 13.86
-0.44 16.81
0.99 9.05
-0.86 19.94
-4.88 67.14
4.04 6.08
-0.84 19.75
2.29 5.50
-4.27 57.79
1.91 6.19
1.36 7.67
-3.90 52.61
3.01 5.00
-4.13 55.88
2.45 5.30
-2.79 38.47
0.28 12.40
3.85 5.72
-2.37 33.82
3.19 5.04
3.56 5.31
2.19 5.66
-4.75 65.13
-1.32 23.62
-3.99 53.83
3.58 5.33
2.56 5.19
4.93 8.72
-4.49 61.05
-1.83 28.38
1.11 8.57
-0.87 19.98
2.95 5.00
2.12 5.78
0.01 13.93
1.22 8.16
-3.63 49.02
-4.38 59.48
1.44 7.43
2.47 5.28
2.83 5.03
1.48 7.31
2.41 5.35
4.09 6.18
-4.69 64.15
-3.71 49.99
0.80 9.82
4.43 7.06
-3.11 42.39
-1.64 26.52
1.92 6.17
0.15 13.13
-1.79 27.95
0.49 11.32
3.44 5.19
-0.08 14.50
-2.95 40.36
1.21 8.21
3.35 5.12
-0.31 15.96
0.74 10.12
-4.97 68.51
-4.85 66.65
4.53 7.35
3.17 5.03
0.73 10.15
-0.79 19.34
-4.45 60.43
-1.71 27.17
-2.95 40.45
-2.65 36.96
-0.15 14.93
0.91 9.39
-3.38 45.75
0.06 13.63
-2.24 32.49
3.85 5.72
2.42 5.34
2.51 5.24
4.43 7.05
-2.05 30.52
-4.36 59.20
-4.49 61.10
2.09 5.83
-2.65 36.92
0.44 11.56
2.79 5.05
-4.76 65.26
-1.85 28.50
-1.17 22.36
4.00 6.00
3.58 5.34
2.82 5.03
-1.41 24.47
-3.94 53.16
-3.55 47.93
-3.79 51.15
-2.04 30.37
1.82 6.39
-1.92 29.24
1.73 6.61
3.84 5.71
-3.84 51.73
-4.71 64.45
-2.41 34.22
3.94 5.88
4.36 6.86
-2.16 31.65
3.93 5.87
-0.49 17.15
-3.45 46.62
-3.06 41.75
1.26 8.01
2.42 5.34
-4.86 66.84
-0.61 18.06
-0.46 16.96
-0.97 20.79
-0.85 19.79
3.05 5.00
4.90 8.59
4.25 6.57
0.55 11.02
4.49 7.22
-1.85 28.48
0.60 10.76
2.73 5.07
1.02 8.92
-4.86 66.74
1.02 8.93
0.95 9.20
-2.42 34.37
3.86 5.74
-0.73 18.95
-2.64 36.78
3.50 5.25
-2.28 32.88
-1.74 27.42
1.00 9.00
-4.59 62.60
-2.76 38.17
-4.82 66.15
4.51 7.27
0.31 12.24
4.75 8.05
1.73 6.61
4.75 8.05
-2.70 37.45
-1.98 29.77
-0.34 16.16
4.20 6.44
-2.80 38.69
-0.81 19.51
4.20 6.44
3.57 5.32
-3.21 43.62
4.44 7.07
2.90 5.01
3.79 5.63
-1.33 23.76
-1.15 22.23
3.20 5.04
-2.61 36.42
-2.06 30.65
-2.00 30.04
-0.18 15.12
4.93 8.74
4.35 6.82
4.68 7.81
2.21 5.63
2.24 5.58
2.27 5.53
4.76 8.10
2.97 5.00
-1.98 29.78
0.95 9.20
0.92 9.32
0.64 10.59
-0.46 16.98
4.50 7.25
-3.22 43.65
3.95 5.89
-4.04 54.59
4.49 7.23
-3.11 42.34
0.19 12.92
-4.64 63.36
-2.09 30.88
-0.18 15.14
-2.71 37.55
1.39 7.60
-0.24 15.49
2.76 5.06
-2.15 31.49
-0.11 14.66
2.83 5.03
-4.06 54.90
3.28 5.08
4.24 6.53
-3.38 45.74
4.31 6.70
-1.75 27.61
0.31 12.22
3.80 5.64
2.22 5.60
-1.47 25.00
-1.23 22.89
-4.77 65.34
3.94 5.88
0.40 11.77
2.50 5.25
4.00 5.99
-0.88 20.07
-4.04 54.62
1.95 6.10
4.80 8.22
-2.09 30.87
-3.20 43.38
-0.41 16.63
-2.48 35.08
4.59 7.52
-2.05 30.53
-2.65 36.91
2.78 5.05
2.11 5.79
4.84 8.40
-2.07 30.74
2.99 5.00
2.75 5.06
-0.79 19.37
1.35 7.72
4.35 6.83
1.27 7.99
3.31 5.09
3.36 5.13
4.31 6.71
-1.95 29.51
-1.74 27.46
0.93 9.28
3.92 5.85
-0.93 20.45
-0.79 19.39
3.42 5.18
-3.32 44.95
-1.30 23.50
-1.00 21.03
4.78 8.15
3.53 5.28
-1.11 21.91
2.59 5.17
3.45 5.20
-0.96 20.65
-4.60 62.73
-3.73 50.23
1.94 6.11
-4.98 68.72
-2.30 33.08
-0.51 17.30
-3.00 40.98
-4.04 54.53
4.09 6.20
1.97 6.06
4.91 8.64
-4.36 59.23
-2.06 30.65
-4.15 56.14
3.79 5.63
4.91 8.65
3.78 5.62
0.45 11.51
-3.84 51.79
-0.89 20.15
4.70 7.89
-2.62 36.59
0.47 11.40
-2.72 37.77
3.14 5.02
4.87 8.50
0.19 12.89
-3.25 44.07
-1.74 27.44
3.31 5.10
2.32 5.47
3.87 5.76
1.94 6.13
-1.66 26.73
-4.92 67.68
-4.29 58.18
4.14 6.31
4.04 6.07
-3.58 48.26
-1.72 27.28
-3.95 53.27
-3.74 50.48
0.45 11.48
3.88 5.78
-4.26 57.66
-4.56 62.19
-0.75 19.06
3.88 5.78
-2.96 40.50
-1.09 21.75
1.06 8.78
3.62 5.38
-3.15 42.80
-4.94 67.99
4.17 6.36
2.84 5.02
0.05 13.69
-4.34 58.94
-2.27 32.74
-1.31 23.58
3.94 5.88
-2.15 31.55
-3.08 41.95
-2.11 31.11
-3.90 52.57
4.74 8.02
0.05 13.72
1.74 6.58
0.61 10.72
1.58 7.01
-0.41 16.65
0.26 12.51
-2.58 36.15
-4.91 67.62
-2.72 37.67
1.65 6.81
-0.91 20.30
4.83 8.34
-4.04 54.49
-0.47 17.03
-3.06 41.74
-0.88 20.07
-2.86 39.37
2.94 5.00
-3.84 51.73
2.44 5.31
3.97 5.94
3.75 5.57
-4.38 59.42
-2.04 30.44
3.79 5.63
1.81 6.43
3.40 5.16
-3.52 47.46
2.99 5.00
0.65 10.53
3.71 5.50
3.01 5.00
-0.29 15.84
-4.17 56.39
4.08 6.18
2.57 5.18
-3.24 43.95
3.21 5.04
4.53 7.34
0.35 12.04
-2.21 32.16
-3.06 41.74
1.70 6.69
4.54 7.38
4.70 7.87
-4.47 60.75
2.04 5.93
-3.12 42.42
3.31 5.10
-0.34 16.13
-2.59 36.26
2.45 5.30
-2.72 37.76
-2.81 38.80
-4.33 58.77
-0.31 15.99
-2.77 38.32
-0.67 18.48
-3.66 49.31
1.75 6.56
3.42 5.17
-3.06 41.78
-1.32 23.69
2.49 5.26
-4.76 65.15
-2.84 39.07
-4.87 66.97
3.73 5.53
0.36 11.97
-0.83 19.66
-1.43 24.60
-4.21 56.93
-0.70 18.66
1.97 6.06
-4.49 61.06
-0.05 14.28
-0.87 19.98
-1.18 22.45
0.78 9.92
-0.55 17.57
0.83 9.70
0.39 11.84
1.49 7.28
-4.04 54.59
0.97 9.10
3.11 5.01
-0.80 19.45
-0.68 18.51
-2.56 35.94
0.31 12.22
-0.21 15.33
1.76 6.54
2.90 5.01
0.91 9.37
-0.28 15.78
1.77 6.52
-2.63 36.69
4.60 7.55
-3.89 52.44
-0.50 17.27
2.75 5.06
3.16 5.02
-4.60 62.71
2.58 5.18
-1.54 25.65
4.51 7.28
2.05 5.91
0.87 9.55
-3.21 43.58
-0.06 14.39
4.45 7.09
-0.81 19.51
0.80 9.85
-4.86 66.81
-0.06 14.38
-0.51 17.30
-4.54 61.78
2.75 5.06
4.49 7.23
-2.31 33.15
4.98 8.92
-2.82 38.85
-4.29 58.08
-3.98 53.72
-4.85 66.68
2.70 5.09
-0.48 17.14
-1.49 25.16
0.05 13.71
2.32 5.46
1.98 6.04
-3.96 53.48
-3.50 47.26
-2.12 31.19
-2.14 31.45
-2.75 38.03
-2.00 29.96
1.66 6.79
-3.71 50.08
3.59 5.35
2.44 5.31
-4.12 55.73
2.56 5.19
-0.31 15.97
4.10 6.21
-0.68 18.56
1.92 6.16
-4.56 62.14
1.20 8.25
-0.37 16.33
-2.35 33.60
2.22 5.61
4.66 7.75
-4.22 57.11
1.20 8.22
3.79 5.62
2.46 5.29
-2.46 34.85
-3.56 48.05
1.90 6.22
-3.29 44.51
-1.95 29.51
3.51 5.26
-2.36 33.71
-2.80 38.67
1.01 8.96
0.57 10.91
2.31 5.48
-3.81 51.41
-3.85 51.95
3.05 5.00
-4.47 60.86
4.01 6.01
-4.52 61.49
0.87 9.55
4.43 7.03
3.89 5.80
-1.89 28.95
3.76 5.57
4.75 8.06
-2.29 33.03
3.00 5.00
3.67 5.44
3.70 5.49
1.11 8.57
-2.07 30.74
1.05 8.82
4.89 8.56
-2.02 30.22
-2.68 37.22
-1.30 23.45
-2.50 35.30
-1.00 21.04
3.66 5.44
3.03 5.00
-4.29 58.13
-1.29 23.41
4.88 8.54
-2.72 37.74
-0.82 19.63
-1.43 24.59
-4.87 66.87
-4.12 55.68
2.25 5.57
0.97 9.13
-2.72 37.70
1.74 6.59
-2.08 30.85
0.58 10.85
3.39 5.15
0.87 9.53
2.13 5.75
-4.86 66.79
3.83 5.69
-0.02 14.10
-4.42 60.04
-3.08 42.03
-3.55 47.93
2.87 5.02
3.02 5.00
0.26 12.53
4.79 8.22
1.08 8.67
4.67 7.78
-2.06 30.65
-1.59 26.09
2.72 5.08
0.20 12.83
0.98 9.10
-1.25 23.10
0.65 10.50
3.74 5.55
2.40 5.36
1.51 7.22
-1.59 26.11
-2.93 40.20
-4.73 64.75
-0.15 14.93
-2.87 39.42
-0.66 18.43
-0.72 18.83
3.20 5.04
2.36 5.41
3.78 5.60
-1.70 27.11
3.34 5.12
2.57 5.18
-4.30 58.23
3.18 5.03
2.75 5.06
4.77 8.14
1.65 6.82
0.48 11.35
0.09 13.46
4.08 6.18
-3.55 47.96
-2.29 33.00
4.57 7.45
-4.68 63.99
3.58 5.34
0.29 12.36
3.51 5.26
4.60 7.57
4.38 6.91
3.43 5.18
-2.31 33.16
-1.77 27.79
3.14 5.02
4.74 8.04
4.68 7.81
4.03 6.07
-1.33 23.71
-0.22 15.35
3.60 5.36
-2.05 30.52
-2.45 34.69
3.16 5.03
3.94 5.89
4.48 7.18
0.60 10.78
2.65 5.12
-3.17 43.01
-4.55 61.99
2.26 5.54
2.10 5.81
-0.11 14.64
-4.36 59.11
1.94 6.13
1.85 6.33
-4.38 59.46
-2.58 36.15
-2.71 37.58
2.07 5.86
-1.03 21.22
-0.91 20.31
2.47 5.28
-4.73 64.75
1.93 6.14
3.29 5.08
-1.98 29.75
-1.00 20.98
1.54 7.14
2.38 5.38
-4.62 63.09
-0.96 20.71
3.16 5.03
-2.50 35.22
-4.30 58.27
-4.07 54.98
2.74 5.07
-3.10 42.18
2.22 5.60
-4.71 64.45
-0.11 14.65
-3.17 43.11
-4.75 65.05
3.00 5.00
-0.97 20.78
-4.68 64.02
1.21 8.19
1.96 6.08
-3.06 41.75
-4.82 66.22
0.69 10.33
-3.82 51.46
3.55 5.30
-2.57 36.01
-4.62 63.11
1.26 8.03
-2.90 39.77
0.77 9.97
0.77 9.98
-2.15 31.52
-3.67 49.53
-4.48 61.02
-0.51 17.31
-3.89 52.42
-0.16 14.97
3.04 5.00
0.06 13.62
4.55 7.39
-2.48 35.00
2.76 5.06
-2.73 37.84
-3.63 48.96
-0.69 18.59
-0.83 19.69
3.22 5.05
0.13 13.25
4.56 7.45
0.97 9.14
2.70 5.09
-1.05 21.40
-1.07 21.53
2.59 5.17
2.52 5.23
4.67 7.78
-3.49 47.08
-3.85 51.94
2.03 5.94
-1.22 22.85
2.00 6.00
-1.56 25.83
1.49 7.27
2.20 5.65
1.45 7.39
3.12 5.01
-4.70 64.36
-0.32 16.03
0.44 11.57
3.23 5.05
-0.23 15.44
2.74 5.07
-4.75 65.14
2.73 5.07
-1.11 21.89
-2.91 39.90
-3.75 50.55
-1.28 23.35
-3.18 43.23
-3.30 44.69
2.45 5.30
-2.05 30.52
3.07 5.01
-3.26 44.22
2.76 5.06
2.23 5.59
4.84 8.38
2.06 5.88
2.75 5.06
-2.75 38.09
0.89 9.44
-3.89 52.53
-4.85 66.65
-1.46 24.90
3.46 5.21
-2.54 35.71
-1.33 23.71
-3.36 45.41
-2.54 35.73
-2.03 30.35
2.49 5.26
0.39 11.83
1.44 7.43
-3.45 46.57
3.01 5.00
3.86 5.74
0.99 9.04
-2.34 33.46
-4.33 58.73
-2.18 31.80
3.08 5.01
1.82 6.39
-3.40 45.97
0.81 9.81
-0.35 16.24
-1.52 25.43
-1.55 25.70
-1.46 24.87
-0.48 17.11
-1.82 28.24
-0.05 14.29
3.05 5.00
0.50 11.24
1.78 6.49
1.09 8.64
4.18 6.40
-2.32 33.33
-0.53 17.44
4.47 7.17
-2.73 37.80
-0.33 16.12
1.24 8.10
-1.29 23.38
-0.03 14.17
1.91 6.18
3.38 5.14
1.57 7.05
0.57 10.91
4.99 8.95
2.90 5.01
-1.10 21.84
-2.43 34.50
-3.76 50.73
2.66 5.11
0.52 11.14
-2.54 35.65
-4.73 64.71
-4.70 64.34
-4.36 59.20
3.52 5.27
-2.84 39.10
3.37 5.14
-1.59 26.05
3.49 5.24
2.47 5.28
-3.58 48.35
-0.80 19.46
-1.79 27.97
-0.05 14.32
2.90 5.01
-2.09 30.92
-3.66 49.36
-4.22 57.14
-3.23 43.81
3.93 5.87
2.61 5.15
3.42 5.18
3.48 5.23
1.28 7.94
-1.73 27.33
-0.92 20.35
0.32 12.20
-1.34 23.81
2.89 5.01
1.07 8.72
-0.90 20.18
1.43 7.47
-4.10 55.38
-4.27 57.88
-2.52 35.44
-3.31 44.81
-4.97 68.51
-1.44 24.69
-3.66 49.35
3.21 5.04
-4.03 54.49
-2.97 40.63
-2.92 40.08
4.95 8.82
4.55 7.41
0.47 11.41
2.15 5.73
0.99 9.04
-1.72 27.32
3.47 5.22
-3.69 49.72
4.48 7.20
-1.42 24.54
1.32 7.81
4.07 6.13
0.64 10.57
-0.58 17.84
0.02 13.86
0.73 10.17
-3.34 45.17
0.21 12.81
-1.28 23.30
0.91 9.37
-3.17 43.03
3.36 5.13
-0.39 16.50
-1.76 27.70
2.40 5.36
-2.49 35.09
-1.32 23.68
4.40 6.95
-1.04 21.28
-2.39 34.03
1.02 8.93
4.11 6.22
3.77 5.59
2.15 5.72
-4.09 55.22
4.74 8.04
1.52 7.18
-3.95 53.32
0.35 12.00
-3.94 53.13
0.16 13.08
4.81 8.29
4.28 6.64
-4.25 57.49
-2.78 38.45
2.04 5.92
-2.62 36.61
1.34 7.77
3.59 5.35
-2.45 34.68
-4.97 68.53
-2.62 36.61
3.68 5.46
-1.98 29.79
0.72 10.19
-0.13 14.79
0.16 13.06
-4.73 64.73
3.07 5.01
-3.74 50.47
-2.91 39.95
0.14 13.17
-1.59 26.04
0.47 11.39
-2.74 37.92
1.30 7.90
4.00 6.00
-2.71 37.64
-1.51 25.37
-0.90 20.19
2.65 5.12
-0.86 19.93
-1.38 24.21
4.41 6.98
-3.01 41.07
1.67 6.77
1.18 8.33
0.85 9.64
0.29 12.32
1.35 7.74
1.70 6.69
-2.80 38.63
1.36 7.68
-0.51 17.29
-0.06 14.34
3.20 5.04
2.98 5.00
2.55 5.20
4.63 7.66
-1.81 28.09
-3.13 42.59
-2.68 37.23
-4.50 61.31
-2.85 39.27
3.35 5.13
3.62 5.39
2.08 5.84
2.52 5.23
0.58 10.88
3.83 5.68
-0.12 14.72
3.80 5.64
-3.68 49.65
0.54 11.05
2.31 5.47
-1.38 24.22
-4.62 63.04
-1.06 21.44
1.25 8.06
0.77 9.96
-3.23 43.76
0.04 13.79
-0.15 14.94
0.79 9.89
-2.05 30.54
4.60 7.57
-1.26 23.11
4.04 6.08
-2.21 32.12
-4.51 61.40
0.91 9.36
0.03 13.83
-3.79 51.06
-2.53 35.62
0.86 9.58
3.92 5.84
-4.35 59.03
-0.18 15.08
1.18 8.30
-2.03 30.30
-0.80 19.41
-3.22 43.68
3.10 5.01
-3.65 49.21
0.69 10.34
4.64 7.69
-2.08 30.80
1.36 7.69
4.30 6.69
2.76 5.06
3.23 5.06
3.05 5.00
-4.56 62.16
-2.63 36.71
1.04 8.84
-3.06 41.68
-0.30 15.91
3.55 5.30
4.96 8.83
-3.32 44.91
3.96 5.92
0.70 10.30
0.23 12.67
-0.88 20.05
2.22 5.60
1.31 7.86
3.33 5.11
-0.24 15.49
-1.20 22.64
1.01 8.95
-2.36 33.73
-4.71 64.44
3.23 5.05
0.34 12.05
-2.22 32.21
-1.73 27.40
4.62 7.63
-4.87 66.91
-1.74 27.51
-3.77 50.85
-2.26 32.64
2.87 5.02
0.96 9.17
3.75 5.57
-0.20 15.25
-2.92 39.99
2.49 5.26
1.42 7.51
4.54 7.38
0.35 12.03
4.33 6.77
-0.01 14.08
0.05 13.68
-0.82 19.62
-1.90 29.02
1.67 6.76
-2.55 35.84
1.01 8.98
3.80 5.65
2.81 5.04
0.51 11.19
4.13 6.27
0.94 9.26
3.99 5.98
0.38 11.84
-3.60 48.62
1.18 8.31
4.29 6.67
-4.86 66.74
-2.49 35.11
-3.30 44.70
-4.03 54.38
1.55 7.10
2.65 5.12
-0.21 15.33
4.90 8.60
-4.99 68.79
2.29 5.50
-1.84 28.41
-0.30 15.88
4.27 6.61
4.35 6.81
-4.92 67.68
-0.30 15.92
-0.66 18.41
-0.34 16.15
5.00 9.00
-2.51 35.38
4.81 8.29
1.53 7.15
3.61 5.37
-2.67 37.14
-4.28 57.96
2.97 5.00
-4.23 57.28
4.33 6.78
-0.17 15.04
2.90 5.01
-3.98 53.77
2.84 5.03
-1.42 24.50
4.05 6.11
4.12 6.26
4.52 7.30
-1.39 24.30
0.63 10.63
2.60 5.16
-2.02 30.24
-2.83 39.01
3.58 5.33
3.81 5.66
2.17 5.69
-2.17 31.72
4.87 8.49
2.03 5.94
-4.87 66.90
-2.87 39.45
-0.18 15.09
-0.45 16.89
-1.76 27.70
-0.91 20.26
-1.53 25.51
-3.22 43.64
3.56 5.31
2.11 5.80
2.55 5.20
3.35 5.12
-1.30 23.48
1.78 6.50
4.84 8.39
0.85 9.63
-1.06 21.46
4.23 6.51
1.27 8.01
-1.69 26.96
1.45 7.39
-3.44 46.53
4.50 7.25
-1.73 27.39
0.03 13.83
-4.96 68.39
-0.42 16.72
4.54 7.38
1.68 6.73
-2.80 38.68
-1.62 26.36
3.19 5.04
-1.61 26.25
0.71 10.23
0.01 13.95
4.19 6.41
-1.81 28.15
0.85 9.62
-1.72 27.30
4.80 8.25
-0.01 14.05
-1.90 28.98
-4.07 55.03
-4.80 65.85
-4.52 61.56
-0.47 17.02
-2.42 34.34
2.93 5.01
-0.32 16.03
0.46 11.46
-0.12 14.76
-4.10 55.46
-0.94 20.56
-2.00 30.04
-2.31 33.22
2.67 5.11
2.22 5.61
4.36 6.84
0.09 13.45
4.87 8.50
3.74 5.55
-4.33 58.71
-1.85 28.56
-1.10 21.85
-3.98 53.69
1.72 6.63
-0.56 17.65
3.33 5.11
-2.51 35.41
2.90 5.01
1.08 8.68
3.81 5.65
-1.79 27.90
3.43 5.18
3.54 5.29
-0.56 17.65
-4.57 62.30
4.10 6.22
2.83 5.03
3.56 5.32
2.12 5.77
3.38 5.15
-2.71 37.57
-3.24 44.00
1.76 6.53
3.19 5.04
-1.65 26.62
2.15 5.71
0.88 9.50
4.58 7.48
1.68 6.73
1.24 8.11
-0.90 20.21
-1.27 23.25
-3.60 48.58
3.39 5.15
3.23 5.05
1.03 8.86
4.96 8.85
4.06 6.12
-2.12 31.25
-0.75 19.08
-4.04 54.52
4.34 6.78
0.21 12.79
2.10 5.82
-4.92 67.77
-0.38 16.45
0.57 10.89
1.27 8.00
-3.00 41.02
-4.02 54.26
3.78 5.60
-2.01 30.07
2.58 5.17
0.96 9.16
-1.80 28.06
-4.72 64.67
0.93 9.27
-0.48 17.13
1.10 8.63
-1.85 28.54
-4.24 57.45
-2.91 39.89
-1.12 21.96
-2.66 37.03
-1.02 21.19
-1.03 21.23
0.56 10.97
-3.83 51.71
2.23 5.60
-0.71 18.79
0.98 9.09
-3.42 46.21
-1.26 23.17
3.58 5.34
-1.82 28.28
-2.07 30.66
3.82 5.67
-4.04 54.54
-4.44 60.39
1.15 8.43
2.14 5.73
-4.31 58.45
-4.48 61.02
1.81 6.42
3.94 5.87
-1.81 28.10
-4.34 58.84
-2.05 30.46
0.19 12.90
2.51 5.24
2.76 5.06
2.28 5.51
-0.83 19.68
0.42 11.64
2.23 5.60
3.81 5.65
2.50 5.25
2.57 5.18
3.07 5.00
1.16 8.37
-0.55 17.60
3.44 5.20
-0.97 20.78
-1.81 28.18
2.24 5.58
0.10 13.40
-3.16 42.97
2.60 5.16
3.47 5.22
-0.77 19.23
1.54 7.12
0.31 12.26
-0.64 18.22
3.33 5.11
-2.98 40.71
1.00 9.00
-1.36 24.03
-0.33 16.10
-2.86 39.36
-4.28 58.05
-2.28 32.84
4.83 8.35
-0.86 19.93
3.22 5.05
-2.69 37.37
3.81 5.66
-3.59 48.39
0.09 13.46
4.01 6.02
4.88 8.55
2.05 5.90
-1.00 21.03
3.61 5.37
0.64 10.58
-1.87 28.75
0.42 11.65
-0.91 20.28
1.08 8.67
-1.73 27.41
-3.90 52.60
-2.48 35.05
-3.04 41.44
2.57 5.18
-3.69 49.80
4.70 7.89
0.05 13.70
4.74 8.01
-0.95 20.57
-4.46 60.61
2.55 5.20
0.79 9.88
-3.47 46.84
1.02 8.92
-0.43 16.74
-2.07 30.75
2.98 5.00
-0.28 15.76
-3.02 41.27
-0.53 17.45
-1.36 24.02
3.16 5.03
1.98 6.04
-0.80 19.46
-3.55 47.91
-0.82 19.60
-4.67 63.84
4.00 6.01
1.67 6.76
-2.98 40.77
2.05 5.90
-0.82 19.56
-0.19 15.18
1.07 8.74
2.32 5.46
4.46 7.13
4.81 8.29
-2.45 34.67
-4.64 63.35
2.27 5.53
-2.10 30.97
0.04 13.75
-3.10 42.23
1.97 6.06
-2.94 40.28
4.97 8.88
-4.74 64.98
4.83 8.35
-1.33 23.79
-1.84 28.41
1.83 6.36
-4.67 63.83
-4.28 58.05
-3.17 43.01
-0.60 17.99
3.29 5.09
1.51 7.21
-0.66 18.43
-4.49 61.05
0.26 12.51
3.80 5.65
-3.40 45.93
-0.87 20.01
0.79 9.88
1.98 6.03
-4.81 65.99
-4.63 63.25
-3.85 51.94
-0.84 19.78
1.60 6.97
-2.50 35.28
3.39 5.15
1.57 7.04
1.54 7.14
-4.94 68.01
-2.29 32.96
0.36 11.98
-4.08 55.14
4.28 6.64
-0.38 16.41
4.20 6.45
-2.77 38.25
0.03 13.83
1.43 7.47
-2.76 38.16
-3.67 49.46
-1.22 22.83
-0.58 17.85
3.28 5.08
-0.31 15.94
-1.61 26.26
-0.88 20.06
-3.89 52.48
1.57 7.03
3.74 5.55
1.07 8.72
-4.22 57.08
3.78 5.61
-3.15 42.84
3.60 5.36
2.42 5.34
-1.83 28.35
-3.72 50.19
-2.60 36.32
2.32 5.46
3.40 5.16
3.63 5.39
3.75 5.56
-3.92 52.89
-1.81 28.17
3.93 5.87
4.70 7.90
4.61 7.60
-2.54 35.73
3.00 5.00
-1.15 22.25
-2.89 39.70
-2.98 40.81
-3.04 41.45
0.61 10.70
4.34 6.79
4.51 7.29
-1.47 24.97
4.69 7.84
1.78 6.49
1.60 6.95
-0.09 14.56
-0.39 16.53
-0.21 15.33
2.90 5.01
4.52 7.32
-3.82 51.46
2.01 5.97
2.19 5.65
-1.53 25.54
-2.86 39.36
-0.72 18.83
-4.53 61.66
-2.17 31.75
3.99 5.99
3.18 5.03
3.10 5.01
-0.13 14.82
-3.84 51.74
2.78 5.05
0.87 9.52
4.53 7.33
4.94 8.77
-1.98 29.77
0.48 11.37
-2.39 34.06
2.10 5.82
-4.35 58.99
-4.57 62.28
-1.43 24.65
-1.31 23.55
-3.15 42.87
-2.43 34.50
3.91 5.84
4.89 8.59
1.01 8.97
2.58 5.17
1.94 6.11
-4.48 60.97
-3.23 43.79
0.59 10.80
-4.35 59.09
-0.63 18.18
-0.39 16.50
-1.01 21.07
-1.52 25.44
2.56 5.19
-4.86 66.77
0.55 10.98
2.08 5.85
-2.64 36.76
-1.27 23.20
-0.86 19.90
-4.24 57.38
-1.54 25.59
4.83 8.34
-0.82 19.60
-4.70 64.27
-2.06 30.65
3.98 5.95
2.68 5.10
2.35 5.42
-1.24 23.02
1.64 6.84
-0.64 18.27
-3.41 46.11
4.17 6.36
0.42 11.67
1.26 8.04
-0.23 15.46
-3.12 42.40
-3.49 47.14
3.17 5.03
4.55 7.41
-2.24 32.51
2.12 5.77
4.10 6.21
1.39 7.59
-1.74 27.51
-2.37 33.80
2.99 5.00
3.41 5.17
4.98 8.93
1.39 7.59
4.13 6.28
2.80 5.04
-2.82 38.86
0.34 12.10
3.64 5.41
2.16 5.71
0.24 12.62
1.73 6.62
-1.20 22.64
0.63 10.61
-0.88 20.04
4.75 8.07
-3.87 52.15
-1.97 29.71
-4.30 58.35
0.96 9.18
2.52 5.23
-0.47 17.01
3.08 5.01
4.11 6.24
-3.94 53.18
-0.03 14.21
-1.72 27.27
3.44 5.19
-0.20 15.21
-0.70 18.68
1.58 7.02
-1.23 22.93
1.99 6.02
0.52 11.15
-2.41 34.28
2.84 5.03
1.02 8.93
-3.28 44.43
-1.98 29.78
3.66 5.43
2.06 5.88
-3.05 41.57
0.85 9.61
-0.61 18.04
4.87 8.51
-0.76 19.15
3.92 5.85
-0.52 17.42
-0.87 19.97
4.84 8.38
3.61 5.37
-1.95 29.46
4.52 7.31
-0.01 14.06
0.82 9.76
0.13 13.24
-2.41 34.31
0.05 13.70
-2.80 38.69
-3.37 45.62
-3.57 48.11
-3.71 50.00
4.24 6.53
1.77 6.52
-2.74 37.93
-2.61 36.47
-3.30 44.64
-4.89 67.22
3.89 5.78
-3.87 52.23
-0.31 15.98
1.04 8.86
2.51 5.24
-3.29 44.54
-4.46 60.60
0.40 11.76
-0.77 19.22
-0.26 15.62
2.94 5.00
2.77 5.05
-3.07 41.83
-0.14 14.86
-4.79 65.61
2.65 5.12
1.80 6.45
-4.13 55.84
-0.43 16.78
-0.17 15.05
-3.28 44.50
4.23 6.52
1.45 7.39
2.35 5.43
0.63 10.62
4.72 7.95
1.13 8.50
0.20 12.86
-1.80 28.02
1.29 7.93
0.37 11.94
-0.57 17.73
3.81 5.66
2.21 5.63
-2.22 32.26
-0.83 19.66
-2.42 34.43
0.84 9.67
0.69 10.36
-1.45 24.83
-1.32 23.67
2.63 5.13
-0.19 15.15
-3.27 44.32
3.25 5.06
4.41 7.00
0.80 9.84
-3.29 44.56
-0.38 16.41
-0.80 19.43
2.97 5.00
2.80 5.04
3.94 5.88
3.54 5.29
1.65 6.81
2.48 5.27
2.80 5.04
4.63 7.65
4.86 8.48
-4.35 59.07
-2.08 30.84
1.27 7.99
-0.80 19.47
-2.00 29.97
-0.52 17.40
-3.72 50.11
2.44 5.32
1.05 8.79
1.50 7.25
-2.28 32.87
2.46 5.29
-2.14 31.45
2.23 5.59
3.00 5.00
2.86 5.02
2.50 5.25
-2.79 38.48
3.04 5.00
-4.04 54.60
1.24 8.12
0.85 9.63
3.10 5.01
2.70 5.09
-4.98 68.74
4.68 7.82
3.50 5.25
-2.52 35.47
-3.69 49.82
-2.89 39.69
-4.31 58.42
2.75 5.06
-2.05 30.47
-0.24 15.52
-0.84 19.76
4.96 8.85
-1.74 27.44
0.24 12.59
-0.15 14.95
-1.54 25.61
4.29 6.68
-0.12 14.76
3.84 5.70
-1.46 24.92
4.99 8.97
-2.69 37.39
-1.29 23.44
-1.72 27.29
-3.23 43.82
-3.85 51.86
0.71 10.24
-3.60 48.60
-3.21 43.56
-4.75 65.02
-1.92 29.18
4.83 8.36
3.43 5.19
-4.77 65.44
-0.56 17.67
-4.37 59.26
-0.91 20.27
3.92 5.85
1.62 6.90
-3.69 49.81
-2.10 31.04
-3.65 49.23
3.03 5.00
1.64 6.84
-0.34 16.17
1.76 6.53
-2.88 39.61
-2.07 30.75
1.95 6.10
1.78 6.50
-4.63 63.24
2.26 5.54
4.14 6.30
-1.53 25.48
1.04 8.84
-4.10 55.43
0.72 10.22
0.88 9.47
2.61 5.15
-4.74 64.96
-3.48 47.00
1.39 7.61
0.84 9.66
-1.27 23.24
3.05 5.00
1.11 8.58
4.43 7.04
0.28 12.38
3.29 5.08
4.80 8.24
-2.91 39.87
3.26 5.07
2.41 5.35
1.14 8.47
3.22 5.05
-1.01 21.06
2.90 5.01
4.07 6.14
0.10 13.43
-4.67 63.88
-4.13 55.87
4.42 7.02
2.32 5.46
-0.64 18.24
4.41 6.99
-1.35 23.93
-2.08 30.78
-2.54 35.68
1.45 7.40
3.48 5.23
-3.67 49.44
2.92 5.01
1.66 6.80
0.91 9.36
-4.44 60.35
-1.58 25.96
-3.51 47.33
-1.97 29.72
-0.44 16.82
-4.00 54.03
2.13 5.75
-0.04 14.26
-2.82 38.85
2.04 5.92
2.27 5.54
2.40 5.36
0.77 9.97
-1.40 24.33
1.76 6.53
2.17 5.68
-3.89 52.50
-4.80 65.89
2.49 5.26
0.34 12.08
-4.87 67.00
-2.89 39.71
-0.29 15.80
2.83 5.03
-0.45 16.87
-2.65 36.89
-4.02 54.25
-2.43 34.52
-3.37 45.58
-0.66 18.43
-0.44 16.86
-4.54 61.78
-2.28 32.93
-3.52 47.53
-3.88 52.28
-4.74 64.98
-3.12 42.48
3.19 5.04
-4.18 56.59
-1.76 27.70
-0.73 18.95
-1.20 22.62
2.33 5.45
-0.19 15.17
-1.55 25.71
2.47 5.28
-2.70 37.44
-0.84 19.75
-2.15 31.56
2.23 5.59
1.21 8.21
-2.97 40.70
3.75 5.57
-3.97 53.56
1.18 8.33
4.33 6.77
-3.39 45.89
-4.14 55.98
-2.33 33.40
1.10 8.60
2.65 5.12
-1.18 22.51
4.19 6.42
-4.02 54.29
0.36 11.96
0.38 11.84
-1.43 24.59
1.54 7.12
4.69 7.85
-3.96 53.41
0.12 13.29
-0.42 16.72
-2.53 35.62
-3.09 42.08
4.19 6.43
3.43 5.19
4.22 6.50
4.07 6.14
4.67 7.80
1.78 6.48
-4.07 55.00
3.93 5.87
-4.82 66.14
-0.91 20.26
-0.68 18.54
4.09 6.20
2.01 5.97
3.46 5.22
0.88 9.49
4.92 8.70
-4.82 66.12
1.66 6.80
-2.32 33.33
-2.63 36.72
-0.80 19.45
4.55 7.40
2.94 5.00
1.42 7.50
1.86 6.31
3.54 5.29
-4.55 62.07
2.97 5.00
-2.45 34.74
-0.01 14.07
-0.43 16.77
-1.06 21.45
1.46 7.39
-4.71 64.49
-2.75 38.08
1.89 6.24
2.36 5.41
-1.44 24.71
3.95 5.90
-4.30 58.27
4.67 7.79
2.94 5.00
-1.78 27.89
3.39 5.15
4.93 8.74
-1.21 22.68
-1.50 25.27
-3.61 48.67
3.94 5.89
4.21 6.46
1.36 7.68
2.50 5.25
3.36 5.13
-1.23 22.91
2.58 5.18
-3.96 53.50
4.94 8.75
-3.33 45.09
-3.88 52.37
-0.45 16.88
0.98 9.09
-0.98 20.82
-3.56 48.01
1.20 8.24
-2.63 36.74
3.37 5.14
-3.65 49.17
-4.47 60.80
3.96 5.92
0.37 11.91
-3.99 53.89
-1.50 25.23
2.86 5.02
3.90 5.81
-1.31 23.53
-0.67 18.49
2.03 5.95
0.85 9.62
-4.44 60.38
2.76 5.06
0.09 13.46
1.40 7.55
4.46 7.12
-4.46 60.58
-1.34 23.79
-1.43 24.59
-2.12 31.20
-0.27 15.68
-0.19 15.17
-1.41 24.47
1.03 8.87
3.95 5.90
-0.19 15.19
-0.26 15.65
3.96 5.93
0.70 10.29
-4.93 67.93
-1.82 28.19
1.03 8.88
4.25 6.57
2.46 5.30
3.55 5.30
-3.21 43.55
-1.03 21.27
4.21 6.46
-4.10 55.43
-0.00 14.00
2.32 5.46
-2.85 39.20
-1.66 26.68
-3.68 49.56
0.45 11.49
-3.06 41.69
-3.64 49.13
-3.94 53.16
-3.55 47.86
0.78 9.94
-4.40 59.79
-4.77 65.30
3.43 5.18
-3.91 52.75
-4.95 68.19
-2.75 38.09
4.87 8.50
-1.41 24.44
1.17 8.34
-2.55 35.82
4.69 7.84
0.28 12.38
1.78 6.49
4.91 8.66
-1.96 29.55
-3.02 41.28
-4.51 61.47
4.09 6.19
2.03 5.94
-4.75 65.02
3.63 5.40
3.97 5.94
1.98 6.03
0.84 9.66
-3.11 42.38
3.89 5.79
-4.47 60.82
3.94 5.88
-2.06 30.61
3.34 5.12
1.13 8.49
2.10 5.82
-4.99 68.91
-2.39 34.10
2.36 5.41
-1.92 29.24
-1.66 26.74
2.41 5.35
2.00 5.99
-1.82 28.24
3.32 5.10
-1.44 24.68
2.62 5.14
-3.47 46.87
-0.71 18.79
1.77 6.51
1.18 8.31
2.06 5.88
2.71 5.08
3.87 5.76
-3.95 53.30
-2.05 30.49
-2.81 38.75
-0.85 19.83
3.81 5.66
-2.32 33.27
0.22 12.75
3.36 5.13
1.98 6.04
-1.91 29.10
-1.46 24.85
3.79 5.63
1.25 8.07
-2.75 38.05
-0.15 14.93
-4.16 56.29
-2.58 36.13
4.35 6.82
-1.84 28.44
-4.88 67.09
-1.05 21.39
-0.63 18.17
4.60 7.56
4.76 8.11
0.70 10.31
2.82 5.03
2.94 5.00
3.99 5.98
-1.71 27.18
-0.56 17.70
1.50 7.25
-2.19 31.95
0.45 11.51
-4.48 60.99
-0.75 19.04
-2.59 36.29
-1.63 26.43
-3.78 51.00
3.92 5.84
-2.49 35.17
2.45 5.30
-2.04 30.37
4.38 6.91
-0.05 14.31
-3.46 46.76
1.12 8.52
-2.10 30.97
2.46 5.30
-0.92 20.39
-0.17 15.04
-4.94 68.04
-2.21 32.19
-1.32 23.70
-0.95 20.61
1.81 6.40
1.20 8.24
-1.16 22.35
3.86 5.75
-1.39 24.24
3.57 5.32
2.93 5.01
2.27 5.53
0.97 9.10
3.34 5.12
-4.18 56.50
0.74 10.10
4.72 7.95
3.03 5.00
3.00 5.00
1.33 7.79
1.64 6.85
4.97 8.90
1.51 7.21
0.10 13.41
-1.74 27.46
-3.37 45.59
-0.37 16.33
-0.63 18.18
1.03 8.89
-2.05 30.46
3.72 5.52
0.39 11.82
-3.66 49.39
1.99 6.02
1.43 7.46
-1.18 22.44
2.64 5.13
-4.84 66.49
0.19 12.91
2.79 5.05
4.87 8.50
-4.41 59.89
-1.37 24.08
1.95 6.10
-1.32 23.63
-3.77 50.84
-3.42 46.20
-3.17 43.10
2.87 5.02
4.37 6.88
-4.01 54.14
-0.86 19.88
3.82 5.68
0.93 9.31
1.40 7.56
-2.01 30.06
4.87 8.49
0.68 10.37
3.37 5.14
1.43 7.46
-3.01 41.14
-0.39 16.50
2.56 5.19
-0.10 14.63
4.44 7.07
-3.65 49.17
-4.79 65.66
-3.82 51.55
0.57 10.89
2.98 5.00
3.13 5.02
-3.69 49.71
4.47 7.18
4.22 6.49
2.48 5.27
-2.64 36.83
-1.29 23.43
-4.42 59.99
-3.93 53.09
0.72 10.21
2.06 5.88
-2.09 30.93
3.27 5.07
4.41 6.98
-1.10 21.77
0.22 12.70
0.26 12.48
3.54 5.29
-1.44 24.74
3.21 5.04
0.60 10.77
-3.95 53.25
3.83 5.69
2.76 5.06
2.98 5.00
-0.18 15.08
-2.12 31.23
-3.11 42.32
-1.32 23.62
-1.90 28.98
2.44 5.32
-0.53 17.46
-4.21 56.93
2.50 5.25
-1.56 25.83
1.19 8.29
1.18 8.30
-3.39 45.78
2.25 5.56
1.43 7.46
4.18 6.40
-1.07 21.59
-3.19 43.30
4.90 8.60
-2.40 34.13
0.40 11.77
-2.94 40.28
3.11 5.01
2.94 5.00
0.99 9.04
3.63 5.39
4.32 6.73
-3.50 47.21
-0.69 18.61
-3.30 44.73
4.64 7.68
2.43 5.32
1.31 7.85
4.64 7.68
-0.13 14.78
-3.37 45.53
-2.75 38.01
-1.69 26.99
-0.15 14.92
3.02 5.00
0.90 9.40
2.54 5.21
-3.23 43.83
-0.39 16.51
1.37 7.67
0.75 10.04
4.76 8.10
-2.47 34.96
-4.13 55.83
-2.47 34.88
0.47 11.40
0.28 12.42
1.30 7.87
-3.59 48.42
3.39 5.15
4.17 6.38
3.41 5.17
-2.89 39.72
0.33 12.13
3.42 5.18
-4.89 67.19
-2.80 38.64
0.62 10.66
4.81 8.29
-0.24 15.52
-1.92 29.25
-2.81 38.76
-2.11 31.07
0.58 10.85
4.03 6.07
4.16 6.34
-4.10 55.44
-4.67 63.86
-3.62 48.83
3.28 5.08
1.87 6.27
3.55 5.30
1.45 7.39
0.06 13.62
2.01 5.98
4.69 7.86
2.65 5.12
-4.76 65.14
-4.71 64.51
-2.88 39.55
1.75 6.57
-0.94 20.54
4.40 6.95
1.62 6.90
4.04 6.09
3.55 5.30
-1.86 28.64
-1.76 27.70
-4.75 65.07
3.07 5.01
-0.66 18.40
1.89 6.24
-4.65 63.60
4.21 6.47
-4.20 56.88
0.47 11.39
-3.85 51.87
4.18 6.38
3.76 5.58
-1.00 21.01
4.89 8.59
1.07 8.72
4.90 8.62
4.64 7.71
-4.49 61.09
0.39 11.81
-2.01 30.09
0.60 10.76
3.26 5.07
-0.57 17.71
-3.97 53.57
1.05 8.81
-4.26 57.65
-4.46 60.67
-2.03 30.30
-4.32 58.56
-4.73 64.76
4.48 7.18
1.73 6.60
-0.18 15.10
3.40 5.16
2.63 5.14
1.91 6.19
-4.66 63.63
-1.71 27.18
0.16 13.08
1.11 8.59
-1.60 26.13
-0.59 17.87
2.86 5.02
-1.31 23.59
2.28 5.52
2.40 5.36
-3.02 41.20
4.50 7.24
-2.53 35.56
-1.40 24.40
4.90 8.60
-2.11 31.07
-3.31 44.78
0.31 12.23
-0.54 17.50
4.50 7.25
-0.63 18.18
2.70 5.09
1.31 7.84
3.93 5.86
-1.18 22.50
-2.29 32.98
-3.44 46.47
1.87 6.29
-4.59 62.53
3.71 5.51
1.97 6.06
-0.99 20.93
0.76 10.00
-3.14 42.70
0.94 9.26
-2.54 35.73
1.08 8.70
-3.29 44.58
-3.73 50.25
2.49 5.26
2.88 5.02
-0.89 20.15
-4.64 63.30
3.88 5.78
0.43 11.62
3.98 5.96
-1.10 21.81
-3.66 49.33
2.29 5.51
4.23 6.51
-2.92 40.03
2.96 5.00
3.86 5.74
4.73 8.00
-3.89 52.43
-0.76 19.14
3.89 5.79
-2.85 39.25
3.42 5.17
-2.40 34.13
-4.53 61.75
-2.93 40.14
2.18 5.68
4.06 6.12
-3.64 49.13
-4.98 68.75
4.53 7.33
-0.70 18.72
-0.94 20.53
1.57 7.05
-2.02 30.21
-3.78 50.91
-1.46 24.89
0.19 12.87
1.55 7.12
4.79 8.22
4.27 6.62
-1.86 28.61
-3.59 48.45
2.78 5.05
3.76 5.58
-2.89 39.71
0.96 9.15
-1.85 28.51
-3.33 45.01
0.52 11.14
1.58 7.01
4.56 7.44
2.34 5.44
3.51 5.26
-1.42 24.52
-3.27 44.32
-1.64 26.54
-4.94 68.06
1.47 7.34
-3.69 49.74
4.99 8.95
-0.86 19.92
-1.16 22.32
2.32 5.46
-2.06 30.65
3.12 5.01
-4.00 54.05
2.21 5.63
2.28 5.52
-2.71 37.56
-2.18 31.80
1.03 8.90
1.39 7.60
-1.16 22.27
-4.81 65.96
-3.38 45.71
-2.14 31.47
-2.65 36.95
0.83 9.71
-2.03 30.33
-2.27 32.75
-3.49 47.10
4.46 7.14
2.49 5.26
-4.34 58.89
-1.34 23.86
-2.26 32.67
-4.43 60.24
-4.08 55.12
4.28 6.65
-3.46 46.69
2.22 5.61
3.75 5.57
-1.06 21.52
2.06 5.89
-3.57 48.17
1.94 6.12
3.56 5.32
2.21 5.63
-1.50 25.28
0.05 13.72
2.56 5.20
1.95 6.10
4.50 7.25
-2.45 34.67
-4.25 57.53
4.32 6.74
4.83 8.33
-2.46 34.80
-3.18 43.22
4.06 6.13
0.65 10.52
4.62 7.62
0.65 10.54
2.26 5.54
-1.71 27.18
-0.66 18.43
-3.34 45.19
3.46 5.21
1.29 7.93
1.44 7.43
3.23 5.05
-3.65 49.19
-0.68 18.53
-3.93 53.09
0.86 9.60
-4.47 60.83
1.14 8.48
0.10 13.39
-1.86 28.66
4.29 6.66
-4.10 55.35
0.97 9.10
-4.83 66.29
-1.88 28.77
3.84 5.70
-3.80 51.19
3.51 5.26
4.21 6.46
2.09 5.84
0.32 12.18
0.52 11.16
4.80 8.23
-3.51 47.42
4.97 8.89
-1.42 24.52
1.43 7.48
3.19 5.04
-0.69 18.65
-3.41 46.14
2.43 5.33
-3.28 44.45
0.20 12.85
1.61 6.93
-1.58 26.02
2.60 5.16
-3.77 50.85
3.99 5.98
-0.90 20.24
3.53 5.28
4.90 8.61
-2.41 34.23
0.13 13.26
-2.51 35.32
0.05 13.70
0.40 11.74
0.47 11.42
-4.59 62.55
-4.79 65.76
-2.64 36.82
-0.82 19.61
3.42 5.17
-0.93 20.45
-1.27 23.22
-4.44 60.37
1.98 6.04
1.38 7.61
2.41 5.35
-1.98 29.84
0.10 13.38
0.91 9.35
-2.22 32.24
-4.80 65.78
-2.33 33.37
2.46 5.29
2.20 5.63
-2.39 34.03
3.39 5.15
-3.48 46.93
-1.52 25.43
-1.02 21.14
-1.29 23.38
3.38 5.14
3.17 5.03
4.75 8.06
0.59 10.82
3.34 5.11
1.13 8.50
-0.99 20.91
-3.08 41.91
-3.88 52.36
1.20 8.24
2.49 5.26
-0.71 18.76
-4.63 63.25
1.69 6.71
1.36 7.70
-3.44 46.46
-1.22 22.79
1.88 6.26
0.88 9.49
1.88 6.25
0.37 11.92
-2.35 33.58
-1.57 25.92
2.75 5.06
-0.97 20.79
-4.80 65.87
-2.52 35.48
0.71 10.25
-3.21 43.63
-3.57 48.11
-1.86 28.63
2.73 5.07
0.82 9.75
4.06 6.11
-0.25 15.59
1.26 8.03
-4.32 58.62
1.86 6.30
-1.80 28.06
3.45 5.21
-4.03 54.47
-1.78 27.83
3.91 5.82
3.27 5.07
-4.68 63.92
-3.27 44.34
-3.70 49.91
1.76 6.55
4.33 6.76
-1.89 28.93
-2.67 37.11
2.08 5.85
-1.31 23.54
1.96 6.08
-0.43 16.74
-4.34 58.82
-0.79 19.35
-4.95 68.25
4.01 6.03
-4.82 66.09
-3.52 47.52
-4.67 63.90
-0.89 20.14
-1.98 29.76
-3.13 42.58
-2.64 36.78
-4.81 65.98
1.35 7.72
0.89 9.45
-4.72 64.53
-2.15 31.52
-3.96 53.44
1.50 7.24
3.98 5.96
-0.27 15.66
2.12 5.77
-2.09 30.90
-2.06 30.63
2.71 5.09
2.89 5.01
-0.19 15.20
-0.18 15.09
1.32 7.83
-1.82 28.19
-1.81 28.16
-2.42 34.35
4.19 6.41
0.04 13.78
1.40 7.57
-0.19 15.19
1.97 6.06
-4.60 62.76
-0.71 18.76
3.91 5.82
-0.61 18.00
1.35 7.71
4.18 6.39
0.60 10.75
4.07 6.15
-2.04 30.39
4.49 7.22
1.30 7.88
-3.33 45.11
2.73 5.07
-4.01 54.19
1.99 6.02
-4.62 63.12
-1.53 25.50
-4.21 56.98
-1.67 26.80
2.72 5.08
3.28 5.08
-3.47 46.91
2.06 5.88
4.09 6.19
-2.59 36.28
1.37 7.64
-2.19 31.89
-4.38 59.50
-3.26 44.24
-3.97 53.62
2.99 5.00
3.66 5.43
-3.22 43.67
0.19 12.87
0.62 10.68
-0.69 18.61
4.25 6.56
-0.45 16.87
-3.35 45.38
-0.79 19.35
-4.55 62.02
-1.12 21.98
-1.44 24.76
-1.80 28.01
2.16 5.70
-1.57 25.89
1.84 6.35
0.37 11.90
-4.11 55.51
-1.35 23.93
4.50 7.25
2.43 5.33
0.91 9.38
2.70 5.09
-2.60 36.34
-2.60 36.41
4.90 8.59
2.46 5.29
0.15 13.13
-2.75 38.05
3.67 5.45
1.14 8.48
-2.10 31.06
0.24 12.61
2.97 5.00
-4.96 68.31
4.49 7.21
2.35 5.42
-4.05 54.71
-2.40 34.20
1.21 8.22
2.68 5.10
-0.06 14.34
1.06 8.78
-1.55 25.70
-0.64 18.24
-0.40 16.54
-4.61 62.98
-0.23 15.44
-4.04 54.53
-3.44 46.47
-0.98 20.81
3.77 5.59
-1.55 25.73
-2.38 33.92
3.36 5.13
-0.32 16.02
-0.88 20.02
4.50 7.26
1.29 7.92
-3.45 46.60
-2.75 38.04
-1.87 28.71
0.36 11.97
4.48 7.18
-4.46 60.65
-0.29 15.86
2.64 5.13
-1.45 24.77
-1.95 29.54
-1.16 22.33
-3.16 42.89
2.80 5.04
-2.25 32.61
-3.66 49.36
2.82 5.03
1.71 6.66
1.38 7.63
-4.46 60.61
-4.79 65.70
1.77 6.52
-4.88 67.11
1.37 7.66
0.64 10.59
3.86 5.74
-2.94 40.33
0.83 9.72
2.71 5.08
0.21 12.76
1.50 7.24
2.04 5.92
-0.19 15.20
-3.75 50.53
-4.20 56.88
1.56 7.07
3.46 5.21
-1.33 23.79
2.32 5.46
1.20 8.25
-0.67 18.43
-4.24 57.40
-2.67 37.15
-3.62 48.79
-1.58 26.02
-4.77 65.41
3.26 5.07
-2.20 32.02
3.50 5.25
-2.61 36.42
3.30 5.09
-3.26 44.21
4.82 8.32
-0.82 19.60
-4.89 67.27
2.57 5.19
-0.78 19.32
-4.95 68.24
-4.19 56.74
-2.33 33.46
-0.94 20.51
-3.48 46.98
1.77 6.51
1.03 8.89
0.99 9.04
1.03 8.89
4.81 8.29
-3.08 41.99
-0.66 18.40
4.24 6.53
1.12 8.55
-1.00 20.99
-3.93 52.97
-2.63 36.67
0.40 11.78
3.58 5.33
-2.85 39.23
2.53 5.22
0.63 10.60
-2.24 32.41
-4.90 67.47
4.44 7.07
-2.00 30.00
-0.22 15.35
-1.02 21.16
-3.21 43.57
2.54 5.22
-1.13 22.09
-4.16 56.30
4.81 8.28
-2.37 33.87
1.72 6.65
2.20 5.64
3.54 5.29
-4.67 63.81
0.94 9.24
0.33 12.12
2.98 5.00
0.21 12.78
-1.54 25.64
1.55 7.09
-2.86 39.37
1.49 7.29
3.41 5.16
-1.99 29.89
3.88 5.77
-2.94 40.32
-0.12 14.73
-4.75 65.03
-3.53 47.63
3.20 5.04
4.44 7.06
0.07 13.61
-4.31 58.51
0.61 10.69
-2.82 38.89
2.05 5.91
3.42 5.18
0.89 9.45
3.09 5.01
2.75 5.06
5.00 9.00
-2.57 35.97
2.17 5.68
3.28 5.08
-2.65 36.88
1.45 7.40
-2.03 30.31
-0.22 15.38
4.82 8.33
-3.38 45.64
4.06 6.12
-3.67 49.44
2.35 5.43
-4.14 55.99
-2.70 37.54
-3.43 46.34
-1.59 26.11
-0.38 16.45
4.65 7.73
-1.56 25.82
-3.49 47.17
-1.81 28.18
-2.20 32.03
1.47 7.34
4.41 7.00
-0.43 16.74
-4.11 55.60
2.26 5.55
-4.95 68.28
0.60 10.77
2.29 5.51
1.70 6.70
1.49 7.27
1.25 8.05
-4.45 60.45
-2.77 38.26
1.41 7.54
1.42 7.50
-1.73 27.41
4.19 6.41
2.67 5.11
4.65 7.71
0.04 13.79
3.11 5.01
3.21 5.04
-4.20 56.79
2.54 5.21
4.03 6.07
2.62 5.14
-1.78 27.86
-4.90 67.42
4.57 7.45
2.25 5.56
1.12 8.55
-0.88 20.07
-4.30 58.25
3.38 5.15
0.07 13.60
-1.60 26.11
-1.52 25.44
0.35 12.05
1.57 7.03
0.36 11.97
4.77 8.12
-3.64 49.16
-2.18 31.88
-0.14 14.85
-2.36 33.68
-4.78 65.47
-0.77 19.25
3.70 5.49
0.29 12.33
1.29 7.91
0.56 10.95
-1.54 25.62
-2.49 35.16
3.29 5.08
0.83 9.69
-1.14 22.16
0.62 10.69
-4.85 66.63
-1.28 23.35
-3.29 44.60
4.80 8.22
-1.55 25.72
2.74 5.07
2.93 5.01
-2.31 33.20
-3.65 49.22
0.04 13.77
-3.68 49.56
-0.51 17.29
-1.15 22.26
-1.74 27.47
3.20 5.04
-2.30 33.10
2.49 5.26
2.68 5.10
1.30 7.89
4.15 6.32
-4.36 59.17
4.73 8.00
0.11 13.37
-1.86 28.63
1.95 6.10
-1.42 24.49
-3.04 41.48
-3.10 42.19
0.71 10.26
-0.29 15.80
-4.79 65.68
4.05 6.10
2.47 5.28
3.03 5.00
-3.81 51.43
-2.78 38.46
2.45 5.30
-1.55 25.71
1.55 7.10
-1.40 24.40
2.12 5.77
-1.34 23.81
-3.60 48.60
-4.25 57.51
1.49 7.28
-2.82 38.82
-3.70 49.95
-4.27 57.82
0.80 9.82
4.85 8.42
3.44 5.20
2.33 5.45
0.51 11.19
-0.65 18.30
-1.96 29.59
-4.94 68.07
2.63 5.14
-4.40 59.70
1.05 8.80
-1.60 26.20
-4.99 68.88
4.25 6.55
3.66 5.44
1.65 6.82
2.32 5.46
2.00 5.99
-3.09 42.13
3.00 5.00
4.18 6.38
0.22 12.73
2.09 5.83
-3.97 53.59
1.07 8.73
-2.66 37.03
-0.90 20.22
3.65 5.43
3.74 5.55
-2.99 40.92
4.89 8.56
1.93 6.15
-0.14 14.83
-4.14 56.00
-1.05 21.43
-3.90 52.56
4.94 8.77
4.22 6.48
-3.97 53.56
2.11 5.79
0.85 9.62
-1.60 26.12
-1.06 21.52
-0.64 18.23
-3.53 47.59
-4.42 60.02
-4.23 57.23
4.93 8.74
-0.36 16.27
0.78 9.91
-3.16 42.92
-4.97 68.56
-1.41 24.45
1.01 8.95
-4.07 54.93
-3.25 44.10
4.18 6.38
3.18 5.03
-0.31 15.93
2.29 5.50
1.17 8.35
1.07 8.74
-3.43 46.39
-2.01 30.08
-1.95 29.45
1.41 7.51
3.71 5.50
2.62 5.15
-0.00 14.01
0.86 9.59
-3.67 49.53
3.06 5.00
-1.06 21.51
3.41 5.17
-1.17 22.36
0.45 11.49
-2.00 30.05
3.01 5.00
1.46 7.38
-3.35 45.34
4.93 8.73
-3.34 45.18
-1.00 20.96
-0.94 20.52
0.67 10.42
1.71 6.65
0.76 10.03
1.86 6.30
4.56 7.44
4.99 8.94
1.80 6.43
2.76 5.06
-2.43 34.49
2.43 5.33
-3.58 48.26
-2.37 33.88
-1.76 27.70
-4.51 61.43
3.59 5.35
-0.36 16.31
3.94 5.88
4.37 6.87
3.15 5.02
-4.22 57.09
1.81 6.41
-1.06 21.52
-1.22 22.81
1.12 8.54
-0.60 17.93
-4.73 64.79
0.38 11.87
0.39 11.83
-4.80 65.92
-0.56 17.67
4.39 6.92
-2.65 36.89
2.88 5.01
0.55 10.99
-4.98 68.63
4.53 7.35
1.52 7.19
1.75 6.57
3.46 5.21
-0.13 14.79
-4.47 60.79
1.44 7.43
4.66 7.76
2.34 5.44
4.90 8.61
-3.07 41.80
3.58 5.33
-4.55 62.00
-4.07 55.00
-0.91 20.30
3.46 5.21
-3.72 50.09
-2.73 37.78
-0.11 14.70
-1.05 21.39
-2.37 33.89
4.33 6.76
4.32 6.74
-4.18 56.61
2.66 5.12
-2.67 37.13
4.30 6.69
-2.60 36.37
4.81 8.28
-4.85 66.65
-4.98 68.65
4.99 8.95
0.20 12.82
-2.95 40.40
3.61 5.37
-4.31 58.43
-3.53 47.66
-0.45 16.94
-4.23 57.23
-3.27 44.35
-0.22 15.40
3.84 5.70
-1.40 24.39
-0.51 17.33
1.24 8.08
2.26 5.55
-3.22 43.72
0.19 12.91
-4.89 67.25
-1.22 22.78
-4.97 68.56
-3.52 47.54
3.57 5.33
-0.48 17.08
1.68 6.75
1.04 8.83
-2.54 35.67
4.05 6.11
-2.84 39.11
3.81 5.66
-2.36 33.78
-2.69 37.39
-3.69 49.73
4.20 6.43
-0.73 18.91
4.89 8.57
-4.61 62.84
3.55 5.31
0.17 13.03
1.60 6.95
2.97 5.00
-4.06 54.80
4.57 7.45
4.28 6.64
-1.07 21.57
2.16 5.71
-3.99 53.87
-4.93 67.90
-2.72 37.68
-2.01 30.09
-3.68 49.68
0.74 10.11
-3.29 44.55
2.75 5.06
2.91 5.01
-3.26 44.19
-2.81 38.73
-1.79 27.96
3.38 5.14
2.29 5.51
2.53 5.22
1.20 8.24
4.45 7.11
4.11 6.23
-3.78 50.92
-4.51 61.35
2.31 5.48
2.05 5.90
2.54 5.21
-0.27 15.71
2.63 5.14
-0.71 18.74
-4.48 61.01
-1.37 24.13
1.64 6.86
3.58 5.33
-3.90 52.66
4.13 6.27
3.93 5.86
3.57 5.33
1.72 6.64
1.52 7.20
-1.08 21.64
-3.73 50.29
3.11 5.01
3.25 5.06
-4.55 61.94
-2.95 40.46
0.34 12.07
-0.29 15.84
3.15 5.02
4.08 6.18
3.88 5.78
1.86 6.29
-0.03 14.18
2.66 5.12
-3.40 45.97
-4.49 61.03
-2.23 32.35
2.85 5.02
-0.37 16.33
0.57 10.92
1.33 7.78
-3.62 48.79
-1.66 26.69
1.72 6.64
2.05 5.90
4.34 6.79
4.59 7.53
-1.17 22.41
4.27 6.60
-2.23 32.32
-1.87 28.67
-3.85 51.92
0.86 9.56
-2.49 35.09
2.95 5.00
-0.16 14.97
4.91 8.66
-2.31 33.22
4.05 6.10
2.06 5.88
-4.27 57.85
0.03 13.79
-3.49 47.14
-1.71 27.19
1.11 8.56
2.41 5.35
1.24 8.09
1.70 6.69
2.20 5.65
-4.56 62.15
1.36 7.70
4.66 7.76
3.84 5.70
-4.07 55.00
-1.08 21.65
2.92 5.01
1.33 7.79
4.10 6.21
4.35 6.81
2.28 5.52
3.77 5.59
4.68 7.83
-0.31 15.93
1.26 8.04
-4.54 61.84
-1.60 26.15
2.75 5.06
-4.39 59.60
-0.61 18.01
1.43 7.46
0.96 9.17
2.30 5.50
0.92 9.33
-4.83 66.38
2.88 5.01
1.08 8.70
-4.33 58.79
-2.39 34.02
0.34 12.07
1.78 6.49
2.91 5.01
0.85 9.63
-4.00 53.99
3.91 5.84
4.56 7.43
-4.13 55.86
-0.21 15.33
3.30 5.09
0.29 12.33
-2.51 35.36
2.34 5.43
-2.73 37.81
1.54 7.12
-2.95 40.43
-4.66 63.61
-4.06 54.80
0.35 12.02
-0.06 14.37
-3.43 46.29
2.16 5.70
4.42 7.03
-1.59 26.06
2.26 5.55
-3.18 43.24
-3.61 48.65
-2.65 36.88
0.52 11.14
-0.62 18.07
3.42 5.18
2.31 5.47
-2.60 36.35
-4.20 56.79
3.24 5.06
4.51 7.27
1.44 7.42
-2.91 39.95
4.02 6.03
-2.89 39.65
3.60 5.36
2.44 5.31
-1.62 26.35
0.87 9.55
-3.28 44.49
0.06 13.62
-3.52 47.57
4.56 7.45
3.00 5.00
-2.69 37.39
-1.04 21.31
-2.01 30.10
-1.77 27.72
-0.56 17.69
-1.53 25.48
0.46 11.43
-1.03 21.22
2.79 5.05
-2.69 37.34
-1.76 27.69
2.34 5.43
3.86 5.74
-0.19 15.17
-2.20 32.04
-1.35 23.88
0.61 10.72
0.20 12.85
0.29 12.37
3.63 5.40
-4.12 55.64
0.63 10.62
4.15 6.32
0.68 10.40
-3.94 53.18
-0.51 17.33
-0.51 17.32
3.38 5.15
-0.44 16.81
-2.91 39.91
-2.39 34.09
-4.81 65.95
1.19 8.26
4.46 7.12
3.56 5.32
-3.95 53.23
-1.96 29.64
0.97 9.13
-2.01 30.08
-4.26 57.75
2.00 6.00
-1.61 26.23
-3.38 45.74
-0.46 17.00
2.10 5.81
2.06 5.88
2.58 5.18
5.00 8.98
-3.15 42.84
4.71 7.94
-2.97 40.69
-2.43 34.44
3.50 5.25
4.96 8.84
-1.88 28.80
-0.93 20.45
-3.88 52.29
0.30 12.31
-2.82 38.84
-4.85 66.69
-0.98 20.83
3.97 5.94
3.44 5.19
-2.72 37.68
-4.57 62.24
-3.80 51.24
-4.40 59.82
0.10 13.41
4.02 6.05
2.80 5.04
-0.71 18.73
-2.87 39.45
-2.73 37.84
-1.52 25.41
4.37 6.88
-3.09 42.14
-3.44 46.52
-2.17 31.69
4.85 8.43
-3.60 48.56
-1.52 25.42
4.32 6.74
-2.43 34.44
0.82 9.75
-4.30 58.32
-3.50 47.31
2.45 5.31
-2.92 40.03
3.50 5.25
1.10 8.62
-1.52 25.42
3.29 5.08
0.22 12.73
4.63 7.66
4.94 8.77
-1.90 29.01
-4.39 59.58
-1.30 23.51
-3.77 50.89
1.91 6.20
-3.75 50.62
-0.64 18.22
2.42 5.34
-3.54 47.82
1.28 7.94
-2.35 33.63
4.86 8.46
0.76 10.04
-4.99 68.84
-3.65 49.20
-2.51 35.40
-1.15 22.24
4.78 8.16
-1.64 26.50
0.32 12.21
-0.54 17.56
4.36 6.86
2.91 5.01
0.90 9.42
-1.66 26.74
3.05 5.00
-0.87 20.01
3.29 5.09
1.71 6.66
0.16 13.05
0.93 9.30
1.83 6.37
3.13 5.02
3.31 5.10
3.06 5.00
-1.41 24.45
-3.28 44.40
-3.85 51.95
-3.94 53.19
-0.49 17.15
-2.96 40.48
-1.99 29.92
-3.24 43.98
3.83 5.70
-0.77 19.19
3.49 5.24
2.06 5.88
-4.52 61.59
3.75 5.56
4.81 8.29
-4.29 58.09
3.20 5.04
-3.42 46.21
3.58 5.34
1.82 6.38
-1.80 28.08
-0.68 18.53
1.31 7.86
4.39 6.94
4.07 6.14
3.53 5.28
0.26 12.49
-1.07 21.53
4.38 6.90
0.18 12.93
-3.14 42.73
0.97 9.11
-2.90 39.87
-1.75 27.55
0.09 13.49
-3.69 49.80
3.66 5.43
-3.95 53.32
-3.46 46.70
-0.46 16.94
2.84 5.02
-4.80 65.86
1.71 6.66
0.77 9.95
-4.07 55.00
-0.13 14.78
4.49 7.22
4.96 8.85
0.30 12.29
3.30 5.09
-1.82 28.27
-4.90 67.43
3.12 5.01
-0.56 17.70
-3.46 46.69
-1.98 29.84
-4.57 62.27
0.19 12.89
-1.96 29.62
1.35 7.73
-0.36 16.31
-2.41 34.30
4.59 7.53
1.11 8.56
0.21 12.77
-4.13 55.79
4.14 6.29
2.08 5.85
-1.78 27.86
0.75 10.06
-2.49 35.18
-2.79 38.53
-4.86 66.73
1.58 7.01
1.04 8.85
-1.71 27.15
0.52 11.17
-2.24 32.50
-3.98 53.74
-2.87 39.40
0.80 9.84
2.21 5.63
4.81 8.28
-4.43 60.17
4.09 6.20
3.54 5.29
1.44 7.44
3.04 5.00
-3.63 48.92
3.07 5.01
1.29 7.93
2.37 5.39
0.15 13.12
4.83 8.35
0.60 10.76
-1.86 28.61
-4.25 57.57
4.39 6.94
1.43 7.48
-3.09 42.13
-1.30 23.52
-2.65 36.87
1.92 6.17
-4.52 61.49
4.11 6.23
-0.75 19.06
4.89 8.57
1.57 7.04
0.46 11.44
-3.36 45.45
-0.07 14.45
0.89 9.47
0.57 10.90
3.38 5.14
-4.48 60.92
-3.66 49.30
-2.72 37.77
-3.00 40.98
-1.81 28.14
-2.22 32.28
4.88 8.53
-2.39 34.01
4.80 8.23
-4.88 67.14
-4.82 66.11
-4.24 57.40
2.98 5.00
4.14 6.30
-1.36 24.00
-3.73 50.26
1.92 6.16
1.40 7.56
-2.94 40.23
2.28 5.51
2.56 5.19
4.22 6.49
4.14 6.29
-2.64 36.82
1.71 6.67
2.35 5.43
4.00 6.01
3.89 5.80
-0.44 16.82
0.21 12.78
-3.81 51.40
2.85 5.02
3.80 5.64
2.54 5.21
-2.83 39.04
3.25 5.06
-3.85 51.95
1.64 6.86
-4.89 67.32
-0.09 14.54
-0.48 17.13
1.49 7.29
4.44 7.07
4.25 6.56
4.58 7.50
2.57 5.18
1.23 8.13
-3.63 49.01
4.78 8.16
1.27 8.00
-1.38 24.16
-4.02 54.22
-2.11 31.15
-0.54 17.53
4.06 6.11
-3.78 50.90
0.37 11.90
3.29 5.08
-3.63 48.97
-3.07 41.79
-1.90 29.01
4.65 7.74
1.46 7.38
3.60 5.36
3.15 5.02
-4.42 60.04
-0.30 15.91
3.83 5.69
1.94 6.13
3.45 5.20
-2.97 40.61
-4.16 56.31
4.26 6.58
4.57 7.48
4.29 6.65
2.36 5.41
-3.73 50.28
4.74 8.02
-3.95 53.29
-0.84 19.74
3.11 5.01
-2.17 31.72
1.34 7.77
-0.78 19.27
-1.65 26.65
-1.97 29.68
3.03 5.00
2.68 5.10
-1.83 28.34
-3.36 45.47
2.24 5.58
-2.35 33.64
-1.96 29.65
2.01 5.98
-3.54 47.79
-0.95 20.57
-1.86 28.59
-0.06 14.34
-2.17 31.73
0.93 9.28
2.08 5.85
2.30 5.49
-1.38 24.19
2.65 5.12
-0.13 14.79
3.55 5.31
-3.54 47.71
1.04 8.85
2.68 5.10
-1.28 23.31
1.11 8.57
-1.49 25.19
1.36 7.70
1.04 8.83
-2.32 33.28
1.88 6.25
-4.68 64.03
4.61 7.60
-1.01 21.11
-2.07 30.66
1.20 8.24
-4.65 63.55
0.72 10.18
-0.68 18.53
3.19 5.04
3.52 5.27
-0.92 20.40
-0.95 20.59
-1.99 29.88
2.44 5.31
-0.35 16.22
2.45 5.30
-1.87 28.70
0.86 9.58
0.47 11.42
3.10 5.01
-4.05 54.64
1.07 8.73
-0.68 18.53
3.27 5.07
0.44 11.54
0.86 9.60
-2.33 33.36
-0.14 14.86
-4.96 68.30
-4.99 68.84
-1.00 20.98
4.27 6.60
2.44 5.31
1.32 7.81
-0.51 17.33
-2.06 30.61
-2.66 36.98
-3.27 44.31
2.84 5.03
-3.94 53.19
3.21 5.04
1.59 6.99
-0.97 20.79
-1.66 26.68
2.68 5.10
3.97 5.94
-1.04 21.32
-0.46 16.96
4.31 6.71
1.21 8.20
2.97 5.00
2.06 5.89
0.03 13.85
3.14 5.02
1.52 7.18
-0.25 15.57
-1.03 21.23
-0.33 16.06
0.55 11.00
-4.99 68.82
3.14 5.02
-4.00 53.99
2.34 5.44
0.89 9.45
-0.47 17.01
-0.21 15.27
-4.82 66.15
-3.75 50.61
1.69 6.73
-1.40 24.39
1.45 7.40
4.71 7.92
0.58 10.88
-0.00 14.00
4.40 6.96
-2.42 34.41
1.36 7.69
3.80 5.64
-1.62 26.32
-3.34 45.13
-2.40 34.11
3.19 5.04
-4.00 54.06
-4.40 59.81
-0.78 19.29
1.52 7.18
-1.72 27.24
-2.91 39.96
3.69 5.48
2.37 5.40
0.87 9.55
-0.67 18.45
2.85 5.02
2.97 5.00
-0.21 15.31
-3.21 43.55
-1.07 21.56
-4.24 57.41
-4.33 58.71
-0.63 18.18
4.46 7.12
-2.10 30.98
3.80 5.63
-0.71 18.78
0.10 13.41
-3.41 46.12
0.69 10.32
-3.22 43.74
3.58 5.33
-3.67 49.44
4.95 8.79
4.13 6.27
0.42 11.64
-4.81 66.01
1.00 8.99
2.63 5.14
4.48 7.18
-1.34 23.87
0.07 13.58
-1.55 25.74
1.80 6.44
3.73 5.53
1.37 7.67
1.50 7.25
-3.07 41.82
0.58 10.84
0.34 12.06
-3.69 49.73
4.38 6.91
-3.87 52.21
-2.05 30.46
4.65 7.71
1.48 7.32
1.89 6.24
-3.60 48.62
-2.09 30.94
0.93 9.30
-1.53 25.50
2.33 5.45
1.34 7.77
2.77 5.05
0.36 11.94
-1.81 28.14
3.14 5.02
-4.29 58.15
-2.47 34.96
-4.26 57.77
-0.98 20.85
-2.77 38.29
5.00 8.99
3.84 5.71
-3.27 44.29
0.51 11.20
-2.37 33.89
4.17 6.37
-4.25 57.61
3.52 5.27
4.71 7.92
4.23 6.52
4.41 7.00
2.43 5.32
-1.43 24.66
-2.69 37.36
0.60 10.75
-2.91 39.89
1.71 6.66
2.57 5.19
2.19 5.66
1.03 8.87
-0.25 15.55
-3.29 44.53
0.50 11.24
2.35 5.42
0.86 9.59
0.75 10.04
3.35 5.13
4.57 7.47
-1.76 27.62
1.37 7.66
4.16 6.36
-1.40 24.36
-1.05 21.38
-3.23 43.87
0.27 12.47
-2.18 31.84
0.94 9.24
1.09 8.66
-3.42 46.19
-1.57 25.89
0.47 11.40
-0.22 15.36
0.47 11.42
-3.71 50.05
3.58 5.33
0.72 10.19
-0.19 15.20
-0.38 16.43
-1.38 24.18
2.37 5.39
-0.80 19.47
4.24 6.54
1.71 6.66
0.74 10.11
-1.64 26.51
4.24 6.54
3.21 5.04
1.48 7.31
2.94 5.00
-3.60 48.51
1.45 7.41
2.17 5.70
0.14 13.18
1.08 8.69
-0.75 19.05
2.42 5.33
0.96 9.14
-4.26 57.64
0.04 13.78
-3.63 48.91
-3.96 53.43
-0.03 14.16
2.73 5.07
2.74 5.07
4.55 7.40
2.19 5.65
-0.92 20.36
2.77 5.05
4.23 6.52
-0.73 18.90
2.56 5.20
-4.89 67.33
-4.14 56.03
-0.30 15.87
-4.48 60.88
-0.15 14.92
-2.67 37.14
-0.03 14.16
0.02 13.86
1.00 9.01
1.09 8.65
1.53 7.17
-1.86 28.58
-2.37 33.79
3.30 5.09
2.72 5.08
-0.15 14.94
-0.45 16.93
4.99 8.98
-3.92 52.86
-0.30 15.87
2.03 5.95
3.41 5.17
-3.72 50.16
-0.85 19.86
-1.84 28.46
-3.74 50.44
-1.68 26.93
-2.50 35.28
4.06 6.12
3.13 5.02
-1.38 24.21
3.33 5.11
4.24 6.55
-4.12 55.64
3.92 5.85
-2.54 35.65
-0.45 16.91
4.13 6.28
4.23 6.50
0.36 11.96
-0.17 15.05
3.11 5.01
-3.70 49.89
-0.44 16.83
-2.81 38.73
-1.63 26.48
3.83 5.69
-2.69 37.42
3.24 5.06
-4.03 54.43
-1.34 23.85
4.62 7.61
-4.43 60.18
-2.52 35.47
-4.90 67.34
-4.36 59.20
4.68 7.81
-4.01 54.16
-3.88 52.30
-4.68 63.93
2.11 5.80
3.38 5.15
-4.50 61.22
4.24 6.53
4.94 8.76
-0.80 19.43
-4.76 65.23
-3.40 45.99
-0.55 17.63
-1.71 27.14
0.91 9.37
1.53 7.16
-1.01 21.11
-2.05 30.48
0.76 10.02
2.98 5.00
-2.68 37.28
-4.91 67.65
-3.83 51.70
0.70 10.28
-1.31 23.62
0.61 10.72
2.08 5.84
3.29 5.09
0.33 12.10
1.26 8.04
-3.85 51.98
4.45 7.11
1.44 7.44
-1.25 23.10
4.25 6.55
-4.79 65.64
4.76 8.11
2.35 5.42
-1.50 25.25
-1.77 27.80
3.97 5.94
3.87 5.76
0.84 9.66
-4.99 68.91
-0.22 15.34
3.12 5.02
1.71 6.65
3.34 5.11
3.06 5.00
-1.75 27.59
-1.26 23.19
0.08 13.55
1.21 8.19
-2.70 37.51
4.60 7.56
4.01 6.01
-2.62 36.54
-3.09 42.04
-3.01 41.06
4.55 7.39
-1.76 27.70
-0.78 19.26
-4.14 56.02
4.66 7.76
-2.62 36.56
0.44 11.56
4.87 8.51
0.56 10.97
-3.87 52.26
3.26 5.07
4.85 8.41
-3.48 47.02
2.23 5.59
0.51 11.22
-3.74 50.40
0.47 11.38
0.48 11.36
-0.79 19.39
-2.81 38.81
4.87 8.48
-4.19 56.75
2.88 5.01
0.49 11.31
-2.27 32.78
0.96 9.16
4.57 7.47
1.33 7.77
0.99 9.06
-4.14 56.01
4.85 8.42
1.83 6.38
-3.56 47.99
-4.94 67.98
-2.94 40.28
4.77 8.12
-4.83 66.35
3.12 5.02
-3.31 44.86
2.62 5.15
2.57 5.19
4.92 8.70
3.05 5.00
0.88 9.50
-0.23 15.46
-0.32 16.02
-0.79 19.38
-2.61 36.50
1.71 6.67
2.64 5.13
0.38 11.87
0.29 12.37
3.73 5.54
-1.73 27.34
2.02 5.95
-2.17 31.73
1.37 7.66
2.18 5.68
-3.70 49.89
2.58 5.17
2.59 5.17
-3.12 42.43
-0.49 17.18
1.04 8.84
-2.25 32.56
-1.73 27.39
3.89 5.79
-2.72 37.68
0.25 12.58
-4.72 64.65
4.11 6.22
-4.10 55.48
-0.15 14.94
-4.54 61.92
2.73 5.07
4.98 8.93
1.69 6.72
2.83 5.03
-1.01 21.12
4.95 8.82
-3.97 53.54
2.63 5.14
2.23 5.60
2.45 5.30
-2.14 31.37
-0.63 18.21
4.69 7.87
1.75 6.56
0.80 9.82
1.18 8.31
-1.67 26.81
-2.24 32.48
-3.16 43.01
3.20 5.04
-3.21 43.52
-4.11 55.51
1.90 6.21
-2.76 38.23
-3.00 41.02
4.02 6.04
-2.45 34.75
3.31 5.10
4.12 6.25
0.81 9.82
0.49 11.32
0.97 9.11
0.25 12.59
3.02 5.00
-4.78 65.59
4.73 7.98
-0.33 16.08
1.55 7.11
-0.40 16.56
-1.45 24.78
3.06 5.00
2.18 5.68
-0.24 15.47
-1.05 21.38
-1.21 22.73
2.55 5.20
-1.46 24.86
4.64 7.70
2.06 5.89
1.16 8.40
1.23 8.14
3.75 5.56
1.58 7.02
-2.32 33.28
3.44 5.19
-3.93 52.98
-0.90 20.21
-3.39 45.89
-1.39 24.26
-1.10 21.80
-0.76 19.12
-2.50 35.21
-3.37 45.59
-0.40 16.53
-4.15 56.10
-3.73 50.29
1.13 8.49
-2.63 36.67
-3.64 49.13
1.11 8.56
0.09 13.46
-0.66 18.42
-2.58 36.11
-3.95 53.27
3.27 5.07
3.47 5.22
3.65 5.43
2.46 5.29
0.63 10.60
1.75 6.56
-3.95 53.37
-3.84 51.80
-2.38 33.97
2.37 5.40
-1.60 26.19
3.50 5.25
-3.01 41.10
-1.10 21.84
-1.95 29.52
4.99 8.97
1.90 6.21
-2.24 32.47
1.90 6.20
-0.92 20.37
1.55 7.09
2.76 5.06
-0.05 14.27
1.89 6.24
-0.78 19.32
-3.25 44.02
-3.69 49.77
0.95 9.19
1.93 6.16
-3.77 50.77
2.04 5.93
2.35 5.43
2.85 5.02
3.99 5.98
-4.89 67.19
0.77 9.95
-0.01 14.07
-1.15 22.19
0.14 13.19
1.91 6.18
-0.38 16.42
-0.95 20.60
4.61 7.58
4.48 7.19
-1.30 23.51
-2.39 34.05
-0.92 20.38
-2.72 37.73
-1.70 27.08
3.99 5.98
-4.28 57.99
2.94 5.00
-0.73 18.95
-3.98 53.69
3.48 5.23
-4.19 56.72
1.88 6.24
0.28 12.40
-1.60 26.19
-3.77 50.87
3.96 5.93
-3.13 42.58
4.33 6.78
-2.93 40.21
-4.69 64.15
-3.13 42.62
3.03 5.00
1.47 7.33
2.21 5.62
-3.36 45.42
2.07 5.87
2.52 5.23
2.49 5.26
3.62 5.38
-3.93 53.03
-3.44 46.48
0.18 12.93
2.19 5.66
-0.45 16.91
2.03 5.95
-0.85 19.79
-3.07 41.80
-0.69 18.61
4.66 7.77
-3.44 46.48
2.59 5.17
0.75 10.06
-1.78 27.80
0.34 12.09
-3.24 43.93
-4.99 68.78
-3.04 41.54
-0.29 15.80
1.77 6.52
3.41 5.17
2.52 5.23
4.14 6.30
-3.23 43.78
1.35 7.71
3.35 5.12
3.95 5.90
-0.21 15.32
-3.44 46.45
-1.26 23.18
-4.46 60.69
1.98 6.04
-4.68 63.99
3.72 5.52
-4.98 68.73
3.46 5.21
-3.83 51.58
3.06 5.00
-3.24 43.94
0.52 11.16
2.59 5.17
4.42 7.02
-2.39 34.01
-0.84 19.73
4.81 8.27
1.50 7.25
3.19 5.04
-1.12 21.98
-3.50 47.20
-2.48 35.01
0.03 13.81
3.38 5.15
3.53 5.28
-1.60 26.20
-3.77 50.89
2.34 5.44
0.66 10.46
2.64 5.13
3.68 5.46
-0.89 20.16
-3.03 41.38
2.15 5.73
-3.02 41.23
4.84 8.38
2.24 5.58
3.75 5.56
-2.35 33.64
-1.60 26.13
4.76 8.11
-3.20 43.50
-2.59 36.28
-4.91 67.49
-4.44 60.31
-4.20 56.81
1.06 8.75
4.34 6.79
-4.68 63.96
0.62 10.69
-2.35 33.67
-1.84 28.43
-1.92 29.18
-1.32 23.69
-1.67 26.77
-2.35 33.66
0.11 13.35
-4.71 64.43
1.13 8.49
4.22 6.50
3.22 5.05
-1.84 28.44
-4.92 67.75
-3.78 50.92
-0.65 18.29
1.86 6.30
1.38 7.62
-1.09 21.75
-2.77 38.27
-3.52 47.51
4.88 8.54
-2.10 31.00
2.45 5.30
2.05 5.90
-3.12 42.40
1.79 6.47
-0.36 16.31
-2.77 38.29
-0.41 16.66
-0.45 16.92
-1.09 21.69
-3.89 52.42
3.09 5.01
2.44 5.31
-0.74 18.96
2.04 5.93
-1.70 27.11
-2.02 30.17
-1.81 28.14
0.81 9.78
2.87 5.02
-4.27 57.82
0.52 11.16
-1.10 21.84
2.84 5.02
0.72 10.19
-0.88 20.04
3.71 5.51
-0.49 17.17
0.64 10.57
-3.10 42.18
4.56 7.44
-0.18 15.11
-2.95 40.39
2.44 5.32
2.36 5.40
-1.50 25.26
-0.66 18.38
1.40 7.54
-4.18 56.58
1.97 6.06
2.45 5.31
2.04 5.92
-0.47 17.02
-2.73 37.84
-4.16 56.25
-4.22 57.12
-2.92 40.02
4.07 6.14
1.85 6.31
3.44 5.19
-1.87 28.73
4.18 6.40
-4.11 55.58
3.33 5.11
4.18 6.39
1.01 8.94
-0.19 15.19
0.12 13.31
1.94 6.13
0.76 10.04
2.45 5.31
2.22 5.61
-3.31 44.76
-1.68 26.87
-2.06 30.63
1.23 8.12
0.79 9.86
3.59 5.35
3.47 5.22
-1.04 21.36
3.76 5.57
-2.29 33.01
2.83 5.03
-3.65 49.24
1.35 7.73
4.93 8.74
1.24 8.10
4.01 6.02
0.67 10.41
2.96 5.00
-0.21 15.32
-4.37 59.35
-2.97 40.67
3.27 5.07
-4.96 68.29
4.25 6.57
-3.72 50.11
3.80 5.64
0.47 11.43
-3.75 50.61
3.36 5.13
-2.00 29.99
1.41 7.53
-0.80 19.43
3.39 5.15
-2.04 30.36
4.92 8.68
-1.63 26.40
-2.75 38.06
4.57 7.46
-1.32 23.63
0.67 10.45
-2.82 38.88
4.07 6.15
1.04 8.86
-3.47 46.88
1.41 7.52
-1.04 21.35
-4.76 65.28
-2.10 31.01
-0.96 20.71
0.66 10.48
-3.09 42.08
4.63 7.66
-2.51 35.36
3.09 5.01
2.98 5.00
2.78 5.05
-4.45 60.44
-1.07 21.58
4.11 6.24
-4.42 60.01
4.09 6.18
-4.97 68.55
0.51 11.19
2.08 5.85
-4.79 65.64
-0.52 17.39
2.40 5.36
-1.32 23.66
-1.70 27.10
0.39 11.81
2.67 5.11
-3.50 47.22
-2.44 34.61
-4.31 58.46
-1.15 22.19
0.69 10.35
1.89 6.22
4.00 6.00
-4.37 59.36
-1.61 26.28
2.28 5.52
-1.05 21.43
-3.01 41.15
-1.10 21.84
-4.25 57.59
3.14 5.02
-0.53 17.44
2.79 5.04
-1.95 29.54
3.45 5.20
3.77 5.59
-3.02 41.23
-1.29 23.43
-3.59 48.47
2.36 5.41
-1.02 21.19
3.56 5.31
0.73 10.14
-4.87 66.92
-3.02 41.26
-0.52 17.37
4.62 7.62
3.10 5.01
1.82 6.39
-4.44 60.34
-3.37 45.59
2.94 5.00
3.20 5.04
2.72 5.08
2.64 5.13
1.38 7.64
-4.67 63.88
1.37 7.66
-4.11 55.62
-1.05 21.43
-3.56 48.06
2.85 5.02
3.67 5.44
-2.56 35.93
2.69 5.10
-4.36 59.16
2.10 5.82
3.70 5.49
-0.82 19.55
1.97 6.06
-0.11 14.69
-4.60 62.81
0.08 13.50
3.87 5.75
3.16 5.03
0.98 9.07
-4.66 63.62
0.13 13.25
-4.08 55.15
-3.00 41.01
3.66 5.44
-2.56 35.91
4.98 8.92
0.72 10.20
0.09 13.45
-0.51 17.29
4.02 6.04
-4.91 67.64
1.91 6.18
-2.32 33.32
-1.47 25.02
-4.08 55.16
-1.68 26.86
-4.26 57.65
2.50 5.25
-1.52 25.40
-2.13 31.31
-1.32 23.67
-1.92 29.20
1.59 6.99
2.44 5.31
2.97 5.00
1.29 7.91
2.62 5.14
-1.67 26.79
1.41 7.52
0.74 10.11
-3.78 50.91
2.83 5.03
0.67 10.44
1.08 8.69
2.59 5.17
-0.44 16.86
3.91 5.82
-0.07 14.45
-1.21 22.70
-3.14 42.68
3.98 5.97
4.99 8.97
-2.04 30.38
1.60 6.96
4.94 8.76
-1.88 28.81
-3.24 43.92
4.66 7.77
0.80 9.85
4.28 6.64
1.02 8.91
-4.19 56.71
1.08 8.67
-3.54 47.84
3.18 5.03
2.61 5.15
1.85 6.32
1.91 6.18
2.82 5.03
2.56 5.19
-0.47 17.07
1.42 7.50
3.32 5.10
-2.27 32.79
2.45 5.30
0.53 11.10
3.64 5.41
-1.19 22.53
1.50 7.24
1.34 7.77
3.85 5.72
-1.12 21.99
-2.99 40.91
3.76 5.57
-2.71 37.56
-2.46 34.85
3.77 5.60
-2.18 31.81
0.11 13.37
3.09 5.01
-0.09 14.54
2.23 5.59
0.87 9.54
3.60 5.36
-2.01 30.07
-0.08 14.48
-0.54 17.54
-2.21 32.17
-1.02 21.17
-1.61 26.24
4.27 6.60
3.20 5.04
0.37 11.92
1.10 8.60
1.19 8.26
2.26 5.54
0.06 13.67
-3.64 49.03
-3.72 50.21
-3.67 49.51
-3.51 47.42
1.83 6.36
-3.94 53.14
4.23 6.50
3.91 5.82
-4.00 53.95
-3.58 48.33
4.48 7.18
-1.31 23.61
2.89 5.01
0.88 9.48
-0.25 15.58
-0.95 20.60
2.44 5.32
4.33 6.78
-1.98 29.79
-4.12 55.74
-2.83 38.97
-3.71 50.09
-2.61 36.52
-3.35 45.30
-4.87 66.97
0.98 9.08
0.44 11.56
-1.83 28.33
0.09 13.47
-1.96 29.62
-0.14 14.86
-3.89 52.49
2.85 5.02
-1.62 26.31
-1.12 21.97
1.21 8.22
1.38 7.63
-4.97 68.57
-0.93 20.44
2.47 5.28
3.56 5.32
-2.81 38.76
3.21 5.04
-2.43 34.47
3.40 5.16
-0.65 18.31
2.78 5.05
-0.67 18.48
0.61 10.73
3.81 5.66
-1.95 29.49
-4.82 66.22
3.71 5.51
-3.43 46.38
3.78 5.61
3.27 5.07
-0.84 19.72
1.41 7.54
4.90 8.61
4.98 8.94
2.03 5.94
-3.43 46.36
4.88 8.53
-1.40 24.40
-0.55 17.64
1.41 7.53
3.93 5.86
2.97 5.00
4.36 6.86
-1.86 28.66
-4.48 60.99
3.39 5.15
-4.47 60.76
4.96 8.84
-2.51 35.33
3.71 5.50
-0.55 17.61
2.64 5.13
-1.69 26.98
0.56 10.96
1.33 7.79
-4.10 55.38
-0.05 14.32
-4.58 62.46
-4.80 65.83
4.92 8.67
-3.60 48.60
0.03 13.83
-2.43 34.45
-0.34 16.16
0.81 9.78
-1.06 21.47
-4.62 63.09
1.83 6.37
4.84 8.39
0.68 10.40
-3.67 49.52
4.73 7.98
0.91 9.38
-4.56 62.13
-0.84 19.72
1.50 7.24
1.97 6.06
3.17 5.03
1.94 6.12
-3.97 53.52
3.45 5.20
0.27 12.45
-1.16 22.32
-1.23 22.89
-1.06 21.45
-2.67 37.18
-0.13 14.80
1.96 6.08
4.78 8.17
2.86 5.02
3.27 5.07
4.80 8.25
-1.66 26.69
0.12 13.28
-2.64 36.76
-0.76 19.17
1.70 6.69
-4.99 68.92
-2.64 36.82
1.46 7.36
-4.83 66.35
3.00 5.00
2.40 5.36
2.47 5.28
-4.96 68.36
2.49 5.26
0.25 12.58
3.37 5.14
-3.99 53.87
-0.40 16.53
-0.13 14.80
-2.34 33.55
1.53 7.17
-2.68 37.28
-2.68 37.30
3.21 5.04
4.73 8.00
-2.45 34.69
-3.59 48.49
1.24 8.08
-1.51 25.33
0.58 10.83
3.85 5.72
-1.78 27.87
-4.50 61.30
0.42 11.67
-2.14 31.41
-0.76 19.15
-1.48 25.03
-1.79 27.90
0.41 11.72
-1.50 25.24
-3.58 48.32
-1.48 25.04
-4.18 56.60
2.91 5.01
3.62 5.38
4.58 7.51
2.73 5.07
0.02 13.88
-0.28 15.74
-0.32 15.99
2.11 5.79
0.47 11.40
0.89 9.46
1.31 7.85
1.26 8.04
-2.13 31.30
-3.32 44.98
3.55 5.30
2.81 5.04
-3.53 47.65
4.43 7.04
1.17 8.35
-1.98 29.77
-2.17 31.76
-1.86 28.66
-4.35 59.02
-4.40 59.69
3.09 5.01
0.39 11.82
-0.55 17.64
1.14 8.46
-3.35 45.36
4.03 6.06
-0.18 15.14
-3.01 41.11
0.24 12.64
4.81 8.29
-2.33 33.37
-0.52 17.36
4.17 6.37
-2.40 34.18
0.06 13.64
-1.70 27.08
3.49 5.24
-3.64 49.09
-2.90 39.80
2.87 5.02
2.69 5.10
2.70 5.09
-4.40 59.77
1.93 6.15
1.93 6.15
-1.59 26.07
1.78 6.49
-4.67 63.76
1.63 6.86
-4.96 68.36
-4.89 67.24
1.74 6.58
-0.22 15.36
-2.31 33.15
3.65 5.43
1.79 6.46
-1.95 29.47
0.54 11.03
-1.12 21.98
4.12 6.26
-1.02 21.17
-1.03 21.22
4.56 7.42
0.69 10.36
-4.11 55.55
-3.14 42.66
-0.03 14.21
-1.43 24.64
1.59 6.99
-2.16 31.59
2.44 5.31
-2.09 30.89
-0.39 16.48
-3.84 51.77
-1.99 29.90
-0.68 18.57
4.07 6.14
-3.74 50.42
1.81 6.42
-0.38 16.40
0.14 13.20
0.11 13.38
1.84 6.35
1.91 6.18
-2.46 34.82
-2.18 31.78
0.64 10.57
4.18 6.40
3.61 5.37
0.36 11.99
-0.53 17.47
1.21 8.21
0.80 9.82
2.42 5.34
-1.25 23.03
-4.08 55.18
-3.98 53.74
0.36 11.97
-3.34 45.14
-0.33 16.06
-4.57 62.29
2.24 5.57
4.98 8.93
-4.11 55.61
-0.84 19.71
-3.21 43.52
-2.32 33.31
-2.46 34.81
4.62 7.62
3.87 5.76
3.01 5.00
-2.64 36.84
-4.02 54.29
1.46 7.39
4.31 6.72
-1.34 23.82
0.10 13.41
3.31 5.10
-1.72 27.26
-3.82 51.55
-4.27 57.93
-3.06 41.75
1.90 6.22
-1.43 24.64
3.87 5.76
3.74 5.54
0.90 9.42
-1.26 23.15
2.06 5.89
1.90 6.22
3.39 5.15
3.65 5.43
3.99 5.97
-2.11 31.15
1.78 6.49
2.75 5.06
-0.54 17.51
4.24 6.54
-4.84 66.43
2.93 5.01
-3.86 52.02
-0.27 15.66
2.10 5.81
-1.54 25.58
-3.88 52.32
3.05 5.00
0.62 10.64
-3.70 49.85
-4.60 62.76
2.51 5.24
-1.69 27.01
0.63 10.63
3.61 5.38
2.59 5.17
0.35 12.04
-4.15 56.08
4.69 7.87
2.60 5.16
-2.40 34.19
3.78 5.60
-3.42 46.25
4.12 6.24
-0.22 15.35
-1.04 21.35
-0.53 17.45
1.45 7.39
1.29 7.93
-3.89 52.42
-2.24 32.46
4.01 6.02
-1.76 27.70
4.83 8.34
0.17 13.01
0.01 13.92
-4.07 54.97
-0.35 16.20
-3.51 47.42
-1.19 22.58
-4.80 65.90
-1.67 26.77
-3.19 43.34
2.78 5.05
4.53 7.35
-3.16 42.99
1.07 8.72
0.65 10.53
2.70 5.09
-2.43 34.53
2.46 5.29
1.04 8.84
2.82 5.03
-3.71 50.00
-1.85 28.53
-1.15 22.21
4.83 8.35
4.10 6.21
4.83 8.37
-2.60 36.41
-2.12 31.25
2.96 5.00
4.47 7.16
-4.02 54.34
-2.04 30.42
-2.59 36.30
-2.23 32.35
-3.93 53.05
-0.93 20.48
0.26 12.51
-0.87 19.98
-0.81 19.49
-2.05 30.55
-2.68 37.24
-3.16 42.92
-3.86 52.02
3.62 5.39
4.51 7.27
-3.24 43.88
0.27 12.45
2.85 5.02
1.08 8.68
-4.11 55.49
-2.74 37.92
1.78 6.50
4.27 6.60
4.73 7.98
-0.01 14.04
2.31 5.48
3.80 5.64
3.72 5.52
-0.14 14.85
-1.19 22.53
-0.17 15.03
-0.29 15.84
-4.64 63.35
-2.76 38.16
3.88 5.77
2.66 5.11
4.52 7.31
3.94 5.88
0.56 10.95
1.88 6.24
0.36 11.99
-4.02 54.22
-2.71 37.57
3.39 5.15
-2.52 35.44
-1.67 26.83
0.21 12.81
-2.99 40.82
3.62 5.38
-4.52 61.50
-2.83 39.05
2.61 5.16
1.94 6.12
-2.72 37.74
2.98 5.00
-0.44 16.81
-1.15 22.26
-1.29 23.40
-2.38 33.98
2.94 5.00
-2.88 39.53
3.78 5.61
-4.45 60.49
2.32 5.46
-3.78 50.99
1.91 6.19
3.31 5.10
-3.20 43.43
-0.21 15.28
3.47 5.22
2.61 5.15
0.53 11.09
-4.27 57.92
-2.19 31.92
-1.37 24.10
-1.57 25.86
-4.81 65.97
3.26 5.07
-3.69 49.81
1.07 8.71
-4.37 59.25
3.45 5.20
2.98 5.00
0.92 9.32
-2.99 40.85
-1.37 24.07
2.10 5.81
-0.37 16.37
1.99 6.02
3.71 5.50
1.10 8.61
-2.56 35.87
-1.51 25.30
-3.13 42.54
-3.59 48.38
1.41 7.53
-2.58 36.09
4.27 6.60
-0.15 14.92
-1.52 25.45
-0.83 19.67
-3.81 51.33
3.58 5.34
3.45 5.20
0.12 13.27
-0.01 14.03
-4.54 61.84
-0.74 18.98
4.36 6.85
3.12 5.02
2.45 5.30
-1.08 21.68
-3.75 50.57
-2.48 34.99
-2.37 33.87
4.25 6.55
-3.01 41.17
3.02 5.00
-4.75 65.04
-3.50 47.21
1.65 6.83
3.07 5.00
-0.57 17.72
-2.20 32.06
3.76 5.58
1.10 8.62
3.90 5.82
0.39 11.81
1.16 8.38
-0.84 19.77
4.53 7.35
2.91 5.01
0.33 12.14
3.89 5.80
1.57 7.05
-1.22 22.81
-3.62 48.77
-3.64 49.03
-4.45 60.45
2.20 5.64
2.45 5.31
3.48 5.23
-0.48 17.10
1.52 7.20
-4.86 66.79
-1.24 22.97
0.13 13.24
-2.11 31.08
2.73 5.07
-0.66 18.38
2.09 5.82
-0.20 15.25
-1.47 24.95
4.11 6.24
3.57 5.32
0.14 13.16
-4.91 67.52
-4.63 63.15
4.89 8.57
3.50 5.25
3.90 5.81
2.53 5.22
-0.48 17.08
-4.64 63.44
1.40 7.55
1.72 6.65
3.95 5.89
4.08 6.16
4.45 7.11
-0.29 15.85
2.71 5.09
-1.17 22.41
-2.55 35.82
3.98 5.97
-3.95 53.25
3.63 5.40
-1.05 21.39
3.28 5.08
-0.02 14.11
-1.56 25.78
-2.22 32.27
4.65 7.72
2.91 5.01
3.06 5.00
-2.77 38.25
3.63 5.40
-1.13 22.05
-1.33 23.73
1.49 7.28
4.05 6.10
4.33 6.78
4.83 8.36
-0.10 14.60
2.52 5.23
4.89 8.58
-3.32 45.00
3.53 5.28
0.81 9.81
-1.82 28.23
-1.53 25.50
3.01 5.00
-4.06 54.82
1.65 6.82
4.70 7.88
-1.42 24.49
4.16 6.35
-2.77 38.25
-0.91 20.26
1.04 8.82
-0.39 16.51
0.15 13.14
-4.42 60.10
-2.87 39.50
2.97 5.00
-4.30 58.35
2.16 5.70
4.05 6.10
-1.65 26.65
-3.73 50.25
0.60 10.74
-4.32 58.61
-1.12 22.01
0.50 11.23
-0.10 14.62
-2.82 38.83
2.98 5.00
-2.12 31.23
1.46 7.37
-4.11 55.59
3.43 5.19
-4.83 66.31
-2.67 37.11
3.57 5.33
0.83 9.72
-4.58 62.48
0.55 10.98
-0.54 17.53
1.64 6.86
-3.67 49.47
-1.42 24.55
3.72 5.52
-1.54 25.66
2.59 5.17
-3.56 48.04
-1.47 24.95
-3.29 44.51
-4.29 58.18
-3.75 50.51
-2.64 36.76
-2.15 31.54
-4.10 55.37
3.64 5.41
3.56 5.31
3.54 5.29
2.66 5.11
-0.38 16.42
-3.98 53.76
-0.42 16.72
4.67 7.77
-1.39 24.24
3.26 5.07
0.61 10.71
-4.93 67.88
-0.58 17.84
-2.89 39.69
-0.86 19.93
-4.73 64.80
-3.94 53.13
3.74 5.55
2.90 5.01
-1.34 23.82
-0.10 14.60
2.97 5.00
-4.93 67.90
-3.73 50.23
2.47 5.29
-3.69 49.70
0.54 11.05
-2.42 34.42
1.12 8.53
0.51 11.19
0.02 13.88
3.23 5.05
-4.03 54.49
-3.89 52.42
0.65 10.53
1.29 7.93
-3.11 42.28
-0.09 14.52
-1.67 26.77
4.64 7.69
4.44 7.08
-3.92 52.96
2.24 5.58
-4.37 59.39
-3.47 46.87
3.16 5.02
-3.65 49.19